sample	start_density	stop_density	start_lower_CI	start_upper_CI	stop_lower_CI	stop_upper_CI
7-111-R.toTranscriptome.sort	0.048929838547174344	0.08210633089782834	-0.009652829814019201	0.10751250690836789	0.02660872350291961	0.1376039382927371
7-111-R.toTranscriptome.sort	0.010231809276639458	0.4070342245726013	-0.009828302794596218	0.03029192134787513	0.21381941441568394	0.6002490347295186
7-111-R.toTranscriptome.sort	0.018781866001206057	0.04446732322458452	-0.018041121615341146	0.05560485361775326	-0.00011704514610456213	0.0890516915952736
7-111-R.toTranscriptome.sort	0.004274747566431151	0.36240035706627677	-0.0017564934142274887	0.01030598854708979	-0.016006870083548286	0.7408075842161018
7-111-R.toTranscriptome.sort	0.06903775116075467	0.5727457849039181	0.0034806511258303613	0.134594851195679	0.22369273069799522	0.9217988391098411
7-111-R.toTranscriptome.sort	0.028039963459432316	0.06878278835862699	-0.005312064884478624	0.06139199180334326	0.01844780212712726	0.11911777459012671
7-111-R.toTranscriptome.sort	0.0	0.20118549234194044	0.0	0.0	0.09817760116418421	0.30419338351969666
7-111-R.toTranscriptome.sort	0.02819921582942078	0.40586841460042117	-0.027086612415143683	0.08348504407398524	0.26134461283175536	0.550392216369087
7-111-R.toTranscriptome.sort	0.012502386705622103	0.06062211855336616	-0.002533181113289651	0.027537954524533857	0.012138523023317596	0.10910571408341473
7-111-R.toTranscriptome.sort	0.004803245341184917	0.15471963773647573	-0.0037787841629192574	0.013385274845289091	0.07887086926417894	0.23056840620877253
7-111-R.toTranscriptome.sort	0.02323724660557604	0.35723748433233626	-0.008974271502517488	0.055448764713669565	0.1361042780614425	0.57837069060323
7-111-R.toTranscriptome.sort	0.02377404626855392	0.05745777720030583	-0.022835776360474822	0.07038386889758266	-0.007584467442360895	0.12250002184297255
7-111-R.toTranscriptome.sort	0.039287251903953456	0.05512615725594559	-0.01973076642782161	0.09830527023572852	-0.005714961470510323	0.1159672759824015
7-111-R.toTranscriptome.sort	0.0	0.314602148206892	0.0	0.0	0.18993627491395826	0.4392680214998257
7-111-R.toTranscriptome.sort	0.054180959258866596	0.013323542539201353	0.010552910373066215	0.09780900814466698	-0.009310058394605575	0.03595714347300828
7-111-R.toTranscriptome.sort	0.04393670630997214	0.10109237901619027	-0.006852336543996057	0.09472574916394033	0.038353139065877895	0.16383161896650264
7-111-R.toTranscriptome.sort	0.014788084721036236	0.3006124285407305	-0.009424955177343793	0.039001124619416266	0.19166966074063424	0.40955519634082677
7-111-R.toTranscriptome.sort	0.01684138153049189	0.03214304637582326	-0.002076446173994686	0.03575920923497847	0.004788764721520986	0.05949732803012554
7-111-R.toTranscriptome.sort	0.0006275890142724551	0.06445263703338655	-0.0006028090207630508	0.001857987049307961	0.01135727298344491	0.11754800108332819
7-111-R.toTranscriptome.sort	0.027315846978787972	0.3462455617374952	-0.011004998023959899	0.06563669198153585	0.21653312751148726	0.4759579959635032
7-111-R.toTranscriptome.sort	0.04236102789669607	0.04280188040718435	-0.013083948971586462	0.0978060047649786	-0.004752836177329273	0.09035659699169797
7-111-R.toTranscriptome.sort	0.0010334923568367297	0.07144749686646726	-0.000992678691731127	0.0030596634054045864	0.013643549409437475	0.12925144432349706
7-111-R.toTranscriptome.sort	0.007413906735523333	0.3385845247774544	-0.006723033104251753	0.02155084657529842	0.2014535958994993	0.47571545365540946
7-111-R.toTranscriptome.sort	0.04515225841702101	0.038305184800203895	-0.013081207440438891	0.10338572427448091	0.00027358540050967384	0.07633678419989812
7-111-R.toTranscriptome.sort	0.0	0.07910853382650804	0.0	0.0	0.026071469708552585	0.13214559794446348
7-111-R.toTranscriptome.sort	0.015457085416440159	0.25847672526050625	-0.007376835298514569	0.038291006131394884	0.15181555287402188	0.3651378976469906
7-111-R.toTranscriptome.sort	0.045798927616812896	0.07644382531866777	-0.006248816473120429	0.09784667170674621	0.007313168256913555	0.14557448238042198
7-111-R.toTranscriptome.sort	0.030671625219979442	0.1329023368285335	-0.011305793317530562	0.07264904375748944	0.054049509875483695	0.21175516378158332
7-111-R.toTranscriptome.sort	0.03657764576701765	0.23566015866212395	-0.00491370943658051	0.07806900097061581	0.13714259635222653	0.33417772097202136
7-111-R.toTranscriptome.sort	0.005611044434223989	0.06645116841426675	-0.0053893652677699765	0.016611454136217955	0.012077747909586524	0.12082458891894698
7-111-R.toTranscriptome.sort	0.022569207507641766	0.054293435847245525	-0.010756937321191717	0.055895352336475246	0.013275535935296644	0.0953113357591944
7-111-R.toTranscriptome.sort	0.0013943799291067803	0.29045322735458945	-0.0013392868541568452	0.0041280467123704055	0.16288243048065462	0.41802402422852425
7-111-R.toTranscriptome.sort	0.02761507087836372	0.08377177371522852	-0.016041636460967915	0.07127177821769536	0.017901092776590008	0.14964245465386705
7-111-R.toTranscriptome.sort	0.004557330483053093	0.12657365412241284	-0.0043772540313109865	0.013491914997417174	0.052908525700422815	0.20023878254440286
7-111-R.toTranscriptome.sort	0.03125184600376995	0.3723930139706778	-0.004781003146007927	0.06728469515354782	0.22824935043395186	0.5165366775074037
7-111-R.toTranscriptome.sort	0.0	0.013323542539201353	0.0	0.0	-0.0077235044600175665	0.034370589538420274
7-111-R.toTranscriptome.sort	0.03787511786817631	0.16337994038695658	-0.010790740970629535	0.08654097670698216	0.06485783865015245	0.2619020421237607
7-111-R.toTranscriptome.sort	0.014865940906815332	0.26430577512140685	-0.01427843471432878	0.04401031652795945	0.14679472267229193	0.38181682757052177
7-111-R.toTranscriptome.sort	0.046372488871761985	0.02548127510622259	-0.019306728822408692	0.11205170656593266	-0.00024308442375191655	0.051205634636197095
7-111-R.toTranscriptome.sort	0.026995444692527727	0.08710265935002884	-0.0030575234633486194	0.057048412848404076	0.038651062975222264	0.13555425572483543
7-111-R.toTranscriptome.sort	0.008114878170809452	0.3990400990490805	-0.0043209118716807365	0.020550668213299643	0.2506213703142426	0.5474588277839184
7-111-R.toTranscriptome.sort	0.007894555198929723	0.021151123780982148	-0.0013886814598120835	0.01717779185767153	-0.004183478880523898	0.04648572644248819
7-111-R.toTranscriptome.sort	0.030875088771105973	0.12041151569803224	-0.009933515135151658	0.0716836926773636	0.032261921460136	0.20856110993592847
7-111-R.toTranscriptome.sort	0.008211155969581255	0.31593450246081206	-0.003173510739154315	0.019595822678316825	0.18686153138401287	0.4450074735376113
7-111-R.toTranscriptome.sort	0.03811057759546111	0.019818769527062012	-0.0037832040271969652	0.08000435921811919	-0.001191681712617236	0.04082922076674126
7-111-R.toTranscriptome.sort	0.002092538096122719	0.08726920363176886	-0.002009810736470403	0.0061948869287158405	0.024618080961546537	0.1499203263019912
7-111-R.toTranscriptome.sort	0.025605393758669794	0.26980173641882743	-0.007143581365038589	0.058354368882378174	0.16290287857889318	0.3767005942587617
7-111-R.toTranscriptome.sort	0.038397748285222244	0.06145483996206626	-0.006155802713736461	0.08295129928418095	0.015963796240988738	0.10694588368314378
7-111-R.toTranscriptome.sort	0.021315888146886303	0.06878278835862699	-0.014737302190451457	0.05736907848422407	0.018558067689316074	0.1190075090279379
7-111-R.toTranscriptome.sort	0.03273352155653787	0.5289446388062937	-0.011206841749852745	0.07667388486292849	0.3556591212146692	0.7022301563979183
7-111-R.toTranscriptome.sort	0.026652293927915013	0.026647085078402705	-0.014405488260229565	0.06771007611605959	-0.002322181978631748	0.055616352135437155
7-111-R.toTranscriptome.sort	0.05768891543567952	0.10575561890491073	0.0009748319965968005	0.11440299887476224	0.04315795629831014	0.1683532815115113
7-111-R.toTranscriptome.sort	0.012328562279542692	0.36822940692717737	-0.010084554377461231	0.034741678936546616	0.23892727237567346	0.4975315414786813
7-111-R.toTranscriptome.sort	0.0	0.04496695606980457	0.0	0.0	0.006039976472978367	0.08389393566663077
7-111-R.toTranscriptome.sort	0.032162273607027864	0.08260596374304839	-0.01308735681549645	0.07741190402955217	0.025094614057060365	0.1401173134290364
7-111-R.toTranscriptome.sort	0.0	0.1946902653540798	0.0	0.0	0.10938045984639563	0.28000007086176393
7-111-R.toTranscriptome.sort	0.009243908839646658	0.03314231206626336	-0.0024989752960659813	0.020986792975359297	-3.43281684732355e-05	0.06631895230099996
7-111-R.toTranscriptome.sort	0.06877593145558936	0.13423469108245364	-0.003392094684378011	0.14094395759555672	0.057306681877280705	0.21116270028762657
7-111-R.toTranscriptome.sort	0.015070251349528972	0.2453197270030449	-0.0058745653764392045	0.03601506807549715	0.12357588581496788	0.36706356819112196
7-111-R.toTranscriptome.sort	0.05240161755387143	0.06245410565250634	-0.007228435314543348	0.1120316704222862	-0.00023766157431148044	0.12514587287932416
7-111-R.toTranscriptome.sort	0.008773248417183752	0.11208430161103138	-0.008071646563715935	0.025618143398083437	0.049812116697351264	0.17435648652471147
7-111-R.toTranscriptome.sort	0.02297380032274736	0.26963519213708736	-0.008254293174706353	0.054201893820201075	0.1549856710538627	0.384284713220312
7-111-R.toTranscriptome.sort	0.06797178865515686	0.047132031732424785	-0.0004252287995721443	0.1363688061098859	-0.006838547022988473	0.10110261048783804
7-111-R.toTranscriptome.sort	0.0021752038086301846	0.03713937482802378	-0.002089156874271731	0.0064395644915321	0.0034269652396434827	0.07085178441640408
7-111-R.toTranscriptome.sort	0.0018057609685151286	0.4053687817552012	-0.0017343252010445884	0.005345847138074846	0.19931422804362658	0.6114233354667757
7-111-R.toTranscriptome.sort	0.014565305486853397	0.03430812203844348	-0.0024369658998856947	0.03156757687359249	-0.007728798514267013	0.07634504259115397
7-111-R.toTranscriptome.sort	0.05506131813928491	0.13440123536419366	0.012679392337882081	0.09744324394068773	0.05858115882008334	0.21022131190830395
7-111-R.toTranscriptome.sort	0.033810110947954206	0.2711340906727475	-0.007659750766292613	0.07527997266220102	0.13590750571089558	0.40636067563459943
7-111-R.toTranscriptome.sort	0.039238717142273456	0.05129563877592521	-0.007359039436633137	0.08583647372118006	-0.0008976357515011538	0.10348891330335158
7-111-R.toTranscriptome.sort	0.012443133688059913	0.1802009128426983	-0.006322060856076811	0.031208328232196637	0.08798377020040557	0.272418055484991
7-111-R.toTranscriptome.sort	0.0007093552740778499	0.2771296848153882	-0.0006812871759873027	0.0020999977241430027	0.1671362552836812	0.3871231143470952
7-111-R.toTranscriptome.sort	0.027052895688299567	0.03797209623672385	-0.00337202444552185	0.057477815822120984	0.0033445515934352812	0.07259964088001242
7-111-R.toTranscriptome.sort	0.0	0.14988985356601525	0.0	0.0	0.06939378232201705	0.23038592481001346
7-111-R.toTranscriptome.sort	0.013889370230777057	0.304442947020751	-0.013339733363553782	0.041118473825107894	0.19127241616967355	0.4176134778718284
7-111-R.toTranscriptome.sort	0.03293098004423055	0.03214304637582326	0.0006281559010265503	0.06523380418743455	-0.0023637855471762767	0.0666498782988228
7-111-R.toTranscriptome.sort	0.010294657632386645	0.08743574791350889	-0.0031317003605875835	0.023721015625360872	0.02933279505390135	0.14553870077311643
7-111-R.toTranscriptome.sort	0.01497384496735243	0.38888089786293956	-0.0057869304850603764	0.03573462041976524	0.24785866054696112	0.529903135178918
7-111-R.toTranscriptome.sort	0.047606076998361876	0.12241004707891244	-0.01086163285912687	0.10607378685585062	0.026226075359706932	0.21859401879811796
7-111-R.toTranscriptome.sort	0.018551307238080256	0.11424937727365163	-0.010145201468437202	0.04724781594459772	0.04038348980464619	0.18811526474265705
7-111-R.toTranscriptome.sort	0.05070172048093115	0.34874372596359543	-0.011593443816868734	0.11299688477873103	0.23433405870331003	0.4631533932238808
7-111-R.toTranscriptome.sort	0.0	0.038471729081943906	0.0	0.0	-0.0015206489141871005	0.07846410707807491
7-111-R.toTranscriptome.sort	0.021555839147624316	0.11391628871017156	-0.0019804153438506243	0.04509209363909926	0.044228481462147945	0.18360409595819518
7-111-R.toTranscriptome.sort	0.025306035741500157	0.32392862798433286	-0.01865025045951768	0.069262321942518	0.19307305502919717	0.4547842009394686
7-111-R.toTranscriptome.sort	0.0	0.02981142643146303	0.0	0.0	0.002674399324908542	0.056948453538017516
7-111-R.toTranscriptome.sort	0.005477371928076312	0.17154061019221745	-0.004013448524408988	0.014968192380561612	0.07785736180959506	0.2652238585748398
7-111-R.toTranscriptome.sort	0.03863985498079447	0.39637539054124027	0.0007355372498354454	0.07654417271175348	0.2507888282199223	0.5419619528625582
7-111-R.toTranscriptome.sort	0.04166987851344509	0.013323542539201353	-0.002601777751660768	0.08594153477855096	-0.0023251613176950865	0.028972246396097794
7-111-R.toTranscriptome.sort	0.016537247869709237	0.09293170921092944	-0.008041924085327671	0.04111641982474615	0.025845188935424687	0.16001822948643418
7-111-R.toTranscriptome.sort	0.0023836591260198753	0.48297841704604905	-0.0022892969008514196	0.007056615152891171	0.33068158758131366	0.6352752465107845
7-111-R.toTranscriptome.sort	0.000680530593691016	0.08826846932220897	-0.0006535901091509928	0.002014651296533025	0.026130979654009352	0.1504059589904086
7-111-R.toTranscriptome.sort	0.017503813443249673	0.13506741249115373	-0.0066261373085920484	0.04163376419509139	0.059357941929099475	0.21077688305320796
7-111-R.toTranscriptome.sort	0.01801363325227636	0.3760569881689582	-0.015050348606717043	0.051077615111269764	0.24132920201913405	0.5107847743187823
7-111-R.toTranscriptome.sort	0.029026849918842038	0.05346071443854543	0.003017875236003102	0.05503582460168097	0.0009685348335133348	0.10595289404357752
7-111-R.toTranscriptome.sort	0.01185773974338265	0.1330688811102735	-0.004149766057498762	0.02786524554426406	0.05352363144410707	0.21261413077643995
7-111-R.toTranscriptome.sort	0.06432217003870265	0.5262799302984534	0.0022222546381966343	0.12642208543920866	0.3218058064292534	0.7307540541676535
7-111-R.toTranscriptome.sort	0.029898745764017277	0.042635336125444324	-0.014250636275877242	0.07404812780391179	-0.003117528194172929	0.08838820044506157
7-111-R.toTranscriptome.sort	0.0	0.04763166457764484	0.0	0.0	-0.01554452420457278	0.11080785335986246
7-111-R.toTranscriptome.sort	0.006746650498818	0.20618182079414094	-0.0064795415802555495	0.019972842577891548	0.10901115921263617	0.3033524823756457
7-111-R.toTranscriptome.sort	0.10181718971050448	0.0016654428174001693	0.026705899798431673	0.1769284796225773	-0.0002931984544557978	0.0036240840892561364
7-111-R.toTranscriptome.sort	1.3902860009917102	0.03081069212190313	0.9834089130067852	1.7971630889766352	-0.0010930176094460196	0.06271440185325228
7-111-R.toTranscriptome.sort	5.561579744426125	0.0	3.5871564082168277	7.536003080635423	0.0	0.0
7-111-R.toTranscriptome.sort	0.6450260031790854	0.0	0.374470513285521	0.9155814930726498	0.0	0.0
7-111-R.toTranscriptome.sort	0.2871223417197892	0.0	0.1651446632380923	0.40910002020148606	0.0	0.0
7-111-R.toTranscriptome.sort	0.6330348148938043	0.0	0.28012098901933674	0.9859486407682718	0.0	0.0
7-111-R.toTranscriptome.sort	0.06778352266818688	0.010895934782553341	0.021832455362874863	0.11373458997349889	-0.010464520361512422	0.032256389926619104
7-111-R.toTranscriptome.sort	0.20468292225848078	0.010732302149684549	0.10010669604432292	0.30925914847263863	-0.01030736837870021	0.031771972678069305
7-111-R.toTranscriptome.sort	0.4450063208093251	0.0	0.30454966903130787	0.5854629725873424	0.0	0.0
7-111-R.toTranscriptome.sort	0.10409017608751057	0.0	0.02979698225522663	0.17838336991979453	0.0	0.0
7-111-R.toTranscriptome.sort	0.08843501360394898	0.0	0.0254295341501264	0.15144049305777157	0.0	0.0
7-111-R.toTranscriptome.sort	0.759108836170997	0.0	0.5241660995178221	0.9940515728241719	0.0	0.0
7-111-R.toTranscriptome.sort	0.08293905230652843	0.0	0.024885563907728947	0.1409925407053279	0.0	0.0
7-111-R.toTranscriptome.sort	0.2041832894132607	0.0	0.10073133995453816	0.30763523887198324	0.0	0.0
7-111-R.toTranscriptome.sort	0.748616546421376	0.00016775472284845163	0.5414342754380385	0.9557988174047135	-0.0001611126856421295	0.0004966221313390328
7-111-R.toTranscriptome.sort	0.03847172908194391	0.00016775472284845163	-0.013242031498785445	0.09018548966267327	-0.0001611126856421295	0.0004966221313390328
7-111-R.toTranscriptome.sort	0.08243941946130837	0.00016775472284845163	0.02985213648420197	0.13502670243841475	-0.0001611126856421295	0.0004966221313390328
7-111-R.toTranscriptome.sort	0.16038214331563633	0.0	0.08300389992712165	0.237760386704151	0.0	0.0
7-111-R.toTranscriptome.sort	0.036473197701063706	0.0006711439648125193	-0.0061530565235916185	0.07909945192571903	-0.0003689618050687726	0.0017112497346938112
7-111-R.toTranscriptome.sort	0.1230762242058725	0.0	0.01641425029677493	0.22973819811497007	0.0	0.0
7-111-R.toTranscriptome.sort	0.20118549234194044	0.0	0.1102486600293441	0.2921223246545368	0.0	0.0
7-111-R.toTranscriptome.sort	0.05978939714466607	0.0	0.006710235921000167	0.11286855836833198	0.0	0.0
7-111-R.toTranscriptome.sort	0.015821706765301605	0.00016791118127304448	0.0007543597804896378	0.03088905375011357	-0.00016126301858249059	0.0004970853811285795
7-111-R.toTranscriptome.sort	0.17453840726353773	0.0013435400638877484	0.08409841567671066	0.2649783988503648	-0.0012903449507417066	0.003977425078517204
7-111-R.toTranscriptome.sort	0.08776883647698891	0.0	0.022459426487101128	0.15307824646687668	0.0	0.0
7-111-R.toTranscriptome.sort	0.05062946164896514	0.0	0.0050739020465135135	0.09618502125141676	0.0	0.0
7-111-R.toTranscriptome.sort	0.12357585705109254	0.0	0.053725532055079975	0.1934261820471051	0.0	0.0
7-111-R.toTranscriptome.sort	0.015155529638341539	0.0025200779473818348	-0.013592445080011019	0.043903504356694094	-0.0024203002962841177	0.007460456191047788
7-111-R.toTranscriptome.sort	0.042468791843704314	0.0	0.010017862894833543	0.07491972079257508	0.0	0.0
7-111-R.toTranscriptome.sort	0.10492289749621066	0.01058827970438795	0.030171997754933177	0.17967379723748814	-0.009842172689551943	0.031018732098327843
7-111-R.toTranscriptome.sort	0.05895667573596598	0.0	0.0015006615029019427	0.11641268996903002	0.0	0.0
7-111-R.toTranscriptome.sort	0.0876022921952489	0.0	0.008803143048073753	0.16640144134242404	0.0	0.0
7-111-R.toTranscriptome.sort	0.1720402430374375	0.0003361358636313635	0.07410500748009406	0.26997547859478094	-0.0003228272646675242	0.0009950989919302513
7-111-R.toTranscriptome.sort	0.015322073920081556	0.0	-0.003121291163714757	0.03376543900387787	0.0	0.0
7-111-R.toTranscriptome.sort	0.02381583228882242	0.0	0.005134723320733576	0.042496941256911266	0.0	0.0
7-111-R.toTranscriptome.sort	0.10608870746839077	0.00016816212269844786	0.033374249640035644	0.1788031652967459	-0.00016150413570125503	0.0004978283810981507
7-111-R.toTranscriptome.sort	0.04196915899848427	0.0	0.001521990606503723	0.08241632739046481	0.0	0.0
7-111-R.toTranscriptome.sort	0.05695814435508578	0.0	0.008188554831120493	0.10572773387905107	0.0	0.0
7-111-R.toTranscriptome.sort	0.07411220537430753	0.0	0.021080060192695198	0.12714435055591986	0.0	0.0
7-111-R.toTranscriptome.sort	0.006162138424380626	0.0	-0.002456779459367589	0.014781056308128843	0.0	0.0
7-111-R.toTranscriptome.sort	0.0739456610925675	0.0	0.015911081852064878	0.13198024033307013	0.0	0.0
7-111-R.toTranscriptome.sort	0.11325011158321151	0.0	0.04073495464790443	0.1857652685185186	0.0	0.0
7-111-R.toTranscriptome.sort	0.031643413530603216	0.0	-0.0008966792935417509	0.06418350635474818	0.0	0.0
7-111-R.toTranscriptome.sort	0.05745777720030583	0.0	0.011799266480506242	0.10311628792010541	0.0	0.0
7-111-R.toTranscriptome.sort	0.19752151814366006	0.023241106512078804	0.0991798661557443	0.2958631701315758	-0.02232094453983002	0.06880315756398762
7-111-R.toTranscriptome.sort	0.04296842468892436	0.006065166824063726	-0.010127335024750182	0.0960641844025989	-0.005825035725910518	0.01795536937403797
7-111-R.toTranscriptome.sort	0.06078866283510617	0.00016850839438502273	0.013488454430492618	0.10808887123971972	-0.0001618368514661787	0.0004988536402362241
7-111-R.toTranscriptome.sort	0.20218475803238053	0.007919894536096067	0.0929892471986148	0.3113802688661463	-0.0076063320189104	0.023446121091102536
7-111-R.toTranscriptome.sort	0.02947833786798299	0.0	-0.00227553118820132	0.0612322069241673	0.0	0.0
7-111-R.toTranscriptome.sort	0.05262799302984534	0.0	0.008832932692561683	0.096423053367129	0.0	0.0
7-111-R.toTranscriptome.sort	0.1881950383662191	0.0	0.09542094530527644	0.28096913142716173	0.0	0.0
7-111-R.toTranscriptome.sort	0.034474666320183506	0.0	0.0035132354108031658	0.06543609722956384	0.0	0.0
7-111-R.toTranscriptome.sort	0.03830518480020389	0.010985950015454646	0.006647137793716416	0.06996323180669137	-0.010551011651679335	0.032522911682588626
7-111-R.toTranscriptome.sort	0.12773946409459297	0.0	0.0573614634978766	0.19811746469130934	0.0	0.0
7-111-R.toTranscriptome.sort	0.027646350768842812	0.0	-0.02074635555633805	0.07603905709402367	0.0	0.0
7-111-R.toTranscriptome.sort	0.04463386750632453	0.0	-0.00329372564061417	0.09256146065326323	0.0	0.0
7-111-R.toTranscriptome.sort	0.14872404359383512	0.017613898711514264	0.06857885719298534	0.2288692299946849	-0.016916573332481945	0.05214437075551047
7-111-R.toTranscriptome.sort	0.01815332670966184	0.0	-0.00418627398811262	0.040492927407436305	0.0	0.0
7-111-R.toTranscriptome.sort	0.013823175384421406	0.00016952388753385902	-0.004478860061835408	0.03212521083067822	-0.00016281259351028356	0.0005018603685780016
7-111-R.toTranscriptome.sort	0.14256190516945447	0.0	0.04515125109326362	0.2399725592456453	0.0	0.0
7-111-R.toTranscriptome.sort	0.07827581241780796	0.0	0.019950220938897437	0.1366014038967185	0.0	0.0
7-111-R.toTranscriptome.sort	0.05495961297420558	0.0	0.00447614010735925	0.10544308584105191	0.0	0.0
7-111-R.toTranscriptome.sort	0.14855749931209508	0.00016977967612312174	0.0742800486184723	0.22283495000571785	-0.00016305837020759304	0.0005026177224538365
7-111-R.toTranscriptome.sort	0.1042567203692506	0.0	0.023265902244636358	0.18524753849386483	0.0	0.0
7-111-R.toTranscriptome.sort	0.03997062761760405	0.0	-0.009451518115266157	0.08939277335047427	0.0	0.0
7-111-R.toTranscriptome.sort	0.2398237657056244	0.0	0.10066457799759337	0.3789829534136554	0.0	0.0
7-111-R.toTranscriptome.sort	0.04679894316894476	0.0	0.009813125397423829	0.08378476094046569	0.0	0.0
7-111-R.toTranscriptome.sort	0.05579233438290567	0.0	0.002788469383767339	0.108796199382044	0.0	0.0
7-111-R.toTranscriptome.sort	0.29395065727112984	0.010049222086184048	0.17228080932057718	0.4156205052216825	-0.009651403926639492	0.02974984809900759
7-111-R.toTranscriptome.sort	0.03980408333586404	0.0	0.003862049452337965	0.07574611721939012	0.0	0.0
7-111-R.toTranscriptome.sort	0.07527801534648765	0.015343838229627125	0.015011354482748998	0.1355446762102263	-0.006345454302687556	0.037033130761941806
7-111-R.toTranscriptome.sort	0.39487649200558017	0.0	0.24150086973277085	0.5482521142783895	0.0	0.0
7-111-R.toTranscriptome.sort	0.08127360948912823	0.0	-0.0010259791397520257	0.1635731981180085	0.0	0.0
7-111-R.toTranscriptome.sort	0.12390894561457261	0.0	0.038057569160165575	0.20976032206897965	0.0	0.0
7-111-R.toTranscriptome.sort	0.18669613983055894	0.0	0.10014907101523321	0.2732432086458847	0.0	0.0
7-111-R.toTranscriptome.sort	0.04679894316894476	0.0	0.006555071459291885	0.08704281487859764	0.0	0.0
7-111-R.toTranscriptome.sort	0.10625525175013079	0.011623943279666885	0.03992929439102874	0.17258120910923283	-0.010831128650857093	0.03407901521019086
7-111-R.toTranscriptome.sort	0.2791282161962684	0.0	0.16563569076364648	0.39262074162889027	0.0	0.0
7-111-R.toTranscriptome.sort	0.04480041178806455	0.0	0.007980400681443033	0.08162042289468607	0.0	0.0
7-111-R.toTranscriptome.sort	0.058956675735966	0.0	0.011518647685984457	0.10639470378594754	0.0	0.0
7-111-R.toTranscriptome.sort	0.1812001785331384	0.0	0.09796855012399919	0.26443180694227764	0.0	0.0
7-111-R.toTranscriptome.sort	0.03997062761760405	0.003775024884046018	0.001264992466335907	0.0786762627688722	-0.0036255957301389394	0.011175645498230975
7-111-R.toTranscriptome.sort	0.09226553208396937	0.0	0.021173785771406606	0.16335727839653214	0.0	0.0
7-111-R.toTranscriptome.sort	0.19618916388973995	0.0	0.1062536902520045	0.2861246375274754	0.0	0.0
7-111-R.toTranscriptome.sort	0.03530738772888359	0.0	0.002437443111620967	0.0681773323461462	0.0	0.0
7-111-R.toTranscriptome.sort	0.12207695851543239	0.00017221577248991611	0.046516711439230904	0.1976372055916339	-0.00016539913195574447	0.0005098306769355767
7-111-R.toTranscriptome.sort	0.17104097734699739	0.00155083204158559	0.07981627148132932	0.26226568321266547	-0.0014894474498272938	0.004591111532998474
7-111-R.toTranscriptome.sort	0.09992656904401016	0.0	0.025884463721095124	0.1739686743669252	0.0	0.0
7-111-R.toTranscriptome.sort	0.10225818898837039	0.00017251281004308	0.027686018165996043	0.17683035981074474	-0.00016568454733184836	0.0005107101674180083
7-111-R.toTranscriptome.sort	0.2481509797926252	0.0	0.13433905210111258	0.36196290748413784	0.0	0.0
7-111-R.toTranscriptome.sort	0.017487149582701776	0.0015547009374866864	-0.0007951699497922328	0.03576946911519578	-0.0014931649709608173	0.00460256684593419
7-111-R.toTranscriptome.sort	0.05312762587506539	0.000172877250394621	0.013530368156068638	0.09272488359406214	-0.00016603472887570075	0.0005117892296649428
7-111-R.toTranscriptome.sort	0.2271664002933831	0.0	0.13612073303691113	0.31821206754985504	0.0	0.0
7-111-R.toTranscriptome.sort	0.04013717189934408	0.015057671663914026	0.0016208112517163073	0.07865353254697185	-0.006796032168880629	0.036911375496708684
7-111-R.toTranscriptome.sort	0.05229490446636531	0.00017310996977015221	0.009754238387189917	0.0948355705455407	-0.00016625834342195837	0.0005124782829622628
7-111-R.toTranscriptome.sort	0.3582367500227764	0.0	0.2249601053459975	0.49151339469955524	0.0	0.0
7-111-R.toTranscriptome.sort	0.06378645990642648	0.011618476876887118	0.015784236306554178	0.11178868350629878	-0.011158631206360337	0.034395584960134576
7-111-R.toTranscriptome.sort	0.1322361597015734	0.0	0.0560031872165099	0.2084691321866369	0.0	0.0
7-111-R.toTranscriptome.sort	0.34691173886445525	0.0	0.20768059295399738	0.48614288477491313	0.0	0.0
7-111-R.toTranscriptome.sort	0.05362725872028544	0.0	0.007987621641348877	0.099266895799222	0.0	0.0
7-111-R.toTranscriptome.sort	0.09659568340920979	0.0	0.020748014250811325	0.17244335256760826	0.0	0.0
7-111-R.toTranscriptome.sort	0.20751417504806105	0.00017401350141209965	0.11391344785467092	0.3011149022414512	-0.00016712652832540624	0.0005151535311496056
7-111-R.toTranscriptome.sort	0.058290498609005925	0.0003480942934279936	0.005638712560554988	0.11094228465745687	-0.00013439720490836233	0.0008305857917643496
7-7-R.toTranscriptome.sort	0.019352021777619667	0.04538852961461909	0.007156777904991344	0.03154726565024799	0.025067868754970107	0.06570919047426807
7-7-R.toTranscriptome.sort	0.010981148325913688	0.3132631296211399	0.0025033844804291383	0.019458912171398238	0.22199420996808883	0.40453204927419095
7-7-R.toTranscriptome.sort	0.016157254236170277	0.03332148850861763	0.00306571324638864	0.029248795225951914	0.017160294190668172	0.04948268282656709
7-7-R.toTranscriptome.sort	0.004832755862502567	0.05848401172397293	0.00046910669387365683	0.009196405031131477	0.02909086356542095	0.08787715988252491
7-7-R.toTranscriptome.sort	0.011357241296645167	0.30400716059096833	0.0016314340712045693	0.021083048522085764	0.2074953063959352	0.4005190147860015
7-7-R.toTranscriptome.sort	0.004503996552402051	0.029344849962321704	0.00024482325985928505	0.008763169844944817	0.017273560438221418	0.04141613948642199
7-7-R.toTranscriptome.sort	0.009516525031748792	0.10085578106209167	0.0010178867580958664	0.01801516330540172	-0.045505537264053125	0.24721709938823647
7-7-R.toTranscriptome.sort	0.015567376751831044	0.3223819731841978	0.005184388052361589	0.0259503654513005	0.24595180715575532	0.3988121392126403
7-7-R.toTranscriptome.sort	0.015686804351489423	0.07727020071854336	0.004494112692826102	0.026879496010152742	0.052447161581793376	0.10209323985529334
7-7-R.toTranscriptome.sort	0.013706297955901876	0.04045201279852759	0.004792569290386451	0.0226200266214173	0.024976900104977023	0.05592712549207815
7-7-R.toTranscriptome.sort	0.019670080953511537	0.35350945421899704	-0.0008464623491956785	0.04018662425621875	0.13782161823384256	0.5691972902041516
7-7-R.toTranscriptome.sort	0.012159634141843489	0.019814629997922835	0.0018414321768221026	0.022477836106864876	0.009086407988537637	0.03054285200730803
7-7-R.toTranscriptome.sort	0.003643479041680647	0.05094211103272204	-0.0006195150100601348	0.00790647309342143	0.023791471002288893	0.07809275106315519
7-7-R.toTranscriptome.sort	0.014426561723228391	0.2917344312842964	0.004427370145978167	0.024425753300478616	0.22218801131970317	0.3612808512488896
7-7-R.toTranscriptome.sort	0.019313937426498097	0.03777806618981135	-0.0057804418639617675	0.04440831671695796	0.020799771647086754	0.05475636073253595
7-7-R.toTranscriptome.sort	0.011594626118189432	0.04957085636158551	0.003511419898664594	0.019677832337714272	0.03274560203317563	0.06639611068999539
7-7-R.toTranscriptome.sort	0.01591050871621876	0.3101092438775259	0.004280347740745996	0.027540669691691527	0.24922905981749366	0.3709894279375582
7-7-R.toTranscriptome.sort	0.01454120774654927	0.043400210341471124	0.0041313821146238185	0.02495103337847472	0.024700180175777773	0.06210024050716448
7-7-R.toTranscriptome.sort	0.013942082366390962	0.05512443777968843	0.0037176267149755284	0.024166538017806397	0.024379259116920366	0.0858696164424565
7-7-R.toTranscriptome.sort	0.01113376555063456	0.237775559975074	0.0030322601483459884	0.019235270952923135	0.19099398369185785	0.2845571362582901
7-7-R.toTranscriptome.sort	0.011342873078228746	0.019814629997922835	0.0032611728256956383	0.019424573330761856	0.010482259185102006	0.029147000810743666
7-7-R.toTranscriptome.sort	0.009245679985433205	0.04607415695018736	0.0018453580872575858	0.016646001883608826	0.030004837576100854	0.06214347632427386
7-7-R.toTranscriptome.sort	0.01936613939829722	0.31655414083186756	0.006848559171314049	0.03188371962528039	0.248747337772651	0.3843609438910841
7-7-R.toTranscriptome.sort	0.008419556885705086	0.021802949271070803	0.0018691002135719087	0.014970013557838262	0.01145977820286106	0.03214612033928055
7-7-R.toTranscriptome.sort	0.02702884445174916	0.05224480297030173	0.012770590776100864	0.041287098127397455	0.033317509031282694	0.07117209690932076
7-7-R.toTranscriptome.sort	0.015949927500414702	0.2551219315649511	0.002225216404515241	0.02967463859631416	0.2024018483624131	0.3078420147674891
7-7-R.toTranscriptome.sort	0.005718275639671713	0.019814629997922835	0.0003881426927274372	0.01104840858661599	0.010004721064285934	0.029624538931559738
7-7-R.toTranscriptome.sort	0.010463672174727181	0.034007115844185906	0.001272557981236662	0.0196547863682177	0.02092843489703847	0.047085796791333345
7-7-R.toTranscriptome.sort	0.00976530940757878	0.27370243235885106	0.0016183625143235437	0.017912256300834015	0.22405853911750817	0.32334632560019394
7-7-R.toTranscriptome.sort	0.005574954090922888	0.02838497169252614	0.001485908120685009	0.009664000061160766	0.014725916302072322	0.042044027082979954
7-7-R.toTranscriptome.sort	0.020305976312458347	0.04065770099919806	0.0074745067692852975	0.0331374458556314	0.024797144504459686	0.056518257493936436
7-7-R.toTranscriptome.sort	0.010246018083836206	0.27047998388168015	0.0029335010334623464	0.017558535134210067	0.19691627412141088	0.3440436936419494
7-7-R.toTranscriptome.sort	0.019279321276549924	0.028247846225412484	0.0077465184003697955	0.030812124152730054	0.013237652227384475	0.04325804022344049
7-7-R.toTranscriptome.sort	0.006650535765346728	0.036201123318004354	0.0005465367955968751	0.01275453473509658	0.016501060977434694	0.055901185658574014
7-7-R.toTranscriptome.sort	0.013506523674018427	0.27095992301657806	0.0034141667524254706	0.023598880595611382	0.22010548674946995	0.3218143592836862
7-7-R.toTranscriptome.sort	0.007907261308605506	0.030236165498560452	0.0009125906942388691	0.014901931922972143	0.017153893620888844	0.04331843737623206
7-7-R.toTranscriptome.sort	0.024110876363722125	0.03496699411398148	0.006867767832490407	0.041353984894953844	0.02123582998903938	0.04869815823892358
7-7-R.toTranscriptome.sort	0.019104382408031893	0.23942106558043785	0.004689738155420741	0.03351902666064305	0.1938182695541071	0.28502386160676857
7-7-R.toTranscriptome.sort	0.016946703862660954	0.015563740517399595	0.006618768910434216	0.02727463881488769	0.0061448066786031295	0.024982674356196062
7-7-R.toTranscriptome.sort	0.015450372879733621	0.04360589854214159	0.004973078323675368	0.025927667435791876	0.027178750630373377	0.060033046453909805
7-7-R.toTranscriptome.sort	0.01522065699348114	0.2828898386554658	-0.0019665376684240773	0.03240785165538636	0.23009841595459304	0.3356812613563385
7-7-R.toTranscriptome.sort	0.02123132428463232	0.02625952695226452	0.0091734435065471	0.03328920506271754	0.014909117327276681	0.037609936577252354
7-7-R.toTranscriptome.sort	0.01566471437713063	0.045868468749516875	0.005303743209842726	0.02602568554441853	0.026547721952788525	0.06518921554624522
7-7-R.toTranscriptome.sort	0.016309815075411817	0.3193652129076974	0.006060813280843232	0.026558816869980403	0.23316738278282706	0.4055630430325678
7-7-R.toTranscriptome.sort	0.020841095513177182	0.03668106245290213	0.006582421336145092	0.03509976969020927	0.020451277389519695	0.05291084751628457
7-7-R.toTranscriptome.sort	0.011183646858493152	0.04531996688106227	0.0040390811072019495	0.018328212609784355	0.031518118594941316	0.05912181516718322
7-7-R.toTranscriptome.sort	0.0316432979958266	0.2525851104233485	0.015295653108280426	0.04799094288337278	0.20516070519516655	0.3000095156515305
7-7-R.toTranscriptome.sort	0.018946862591082643	0.020431694599934273	0.007332482417630964	0.03056124276453432	0.006261151209303678	0.03460223799056487
7-7-R.toTranscriptome.sort	0.021246027417793422	0.041000514666982193	0.009062983997260781	0.033429070838326067	0.027199620311583045	0.05480140902238134
7-7-R.toTranscriptome.sort	0.02445627177474964	0.2657491552662592	0.011073002287694129	0.03783954126180515	0.218171221260479	0.3133270892720394
7-7-R.toTranscriptome.sort	0.016158374563176522	0.04031488733141393	0.006934690238990064	0.02538205888736298	0.02437042991586304	0.056259344746964826
7-7-R.toTranscriptome.sort	0.05122376457919357	0.039492134528732015	-0.006577430273613759	0.10902495943200091	0.025084681611745884	0.05389958744571814
7-7-R.toTranscriptome.sort	0.01568655845272424	0.2752108124971013	0.006013300303646024	0.025359816601802455	0.2201343661967078	0.33028725879749476
7-7-R.toTranscriptome.sort	0.012630070861782696	0.02214576293885493	0.004549823875048698	0.020710317848516693	0.011377624740844373	0.03291390113686549
7-7-R.toTranscriptome.sort	0.020677277544678685	0.03256729843949255	0.00983455058985466	0.03152000449950271	0.021019256190470674	0.04411534068851442
7-7-R.toTranscriptome.sort	0.012408970093352591	0.23613005436971016	0.00410432712599345	0.020713613060711733	0.19413723841297792	0.2781228703264424
7-7-R.toTranscriptome.sort	0.03412489862987013	0.018991877195240918	0.017305240823712424	0.050944556436027834	0.00893030838010449	0.02905344601037735
7-7-R.toTranscriptome.sort	0.021394797196010673	0.03291011210727668	0.008201818912861338	0.034587775479160004	0.020906116776346614	0.04491410743820674
7-7-R.toTranscriptome.sort	0.024504204146400723	0.3101092438775259	0.012284161661273704	0.03672424663152774	0.23058756404375402	0.3896309237112978
7-7-R.toTranscriptome.sort	0.027840274313999408	0.012546980240899236	0.010919838223801909	0.04476071040419691	0.005671151523982973	0.0194228089578155
7-7-R.toTranscriptome.sort	0.015991715362112552	0.047719662555551184	0.005714357494789522	0.026269073229435582	0.030495626452304598	0.06494369865879777
7-7-R.toTranscriptome.sort	0.029265815006622932	0.2884434200735687	0.0057901531315008165	0.05274147688174505	0.23098559774640562	0.3459012424007318
7-7-R.toTranscriptome.sort	0.02587356721369887	0.031058918301242366	0.013522528237138972	0.03822460619025877	0.017789687667044106	0.044328148935440626
7-7-R.toTranscriptome.sort	0.015930092257491427	0.04250889480523237	0.005481077293475559	0.026379107221507297	0.028340622490755675	0.05667716711970907
7-7-R.toTranscriptome.sort	0.006185583317630486	0.32135353218084545	0.00043346848397506164	0.011937698151285911	0.20348225573504192	0.439224808626649
7-7-R.toTranscriptome.sort	0.023104792106879168	0.023379892142877806	0.009996696024770163	0.03621288818898817	0.012136901330183286	0.03462288295557232
7-7-R.toTranscriptome.sort	0.012079665921439222	0.04072626373275489	0.004500528552387796	0.019658803290490648	0.026379460415635443	0.05507306704987434
7-7-R.toTranscriptome.sort	0.030823030484079156	0.35906303563709996	0.009997766806982798	0.051648294161175515	0.27482660575586143	0.4432994655183385
7-7-R.toTranscriptome.sort	0.024221023407274025	0.02893347356098075	0.009893558681778197	0.038548488132769856	0.016313002976847506	0.04155394414511399
7-7-R.toTranscriptome.sort	0.01292375282477568	0.06424328134274636	0.005134317465796868	0.02071318818375449	0.03475872478278336	0.09372783790270936
7-7-R.toTranscriptome.sort	0.00908080014446393	0.3299238738754487	0.0028163606707972966	0.015345239618130564	0.25287878064943425	0.40696896710146313
7-7-R.toTranscriptome.sort	0.024317595587007385	0.02276282754086637	0.006291571620855561	0.04234361955315921	0.011748951918239334	0.033776703163493405
7-7-R.toTranscriptome.sort	0.01915914292065726	0.048679540825346757	0.007661119186304622	0.030657166655009897	0.030575131249658372	0.06678395040103514
7-7-R.toTranscriptome.sort	0.023763728042981325	0.36180554497937306	0.011047245676055834	0.036480210409906816	0.2318693013467362	0.4917417886120099
7-7-R.toTranscriptome.sort	0.019693941816823886	0.027082279754946433	0.009237831725796066	0.030150051907851708	0.011560478609738868	0.042604080900153996
7-7-R.toTranscriptome.sort	0.021214063275431287	0.04182326746966411	0.00330054020657947	0.03912758634428311	0.026764015643594853	0.05688251929573337
7-7-R.toTranscriptome.sort	0.01942573275565864	0.26657190806894104	0.00672798812879657	0.032123477382520714	0.2148365799424539	0.31830723619542817
7-7-R.toTranscriptome.sort	0.015718723381615958	0.023037078475093675	0.0052960124154242064	0.02614143434780771	0.012038239039687204	0.034035917910500146
7-7-R.toTranscriptome.sort	0.013103467742474487	0.04765109982199435	0.004229203030943854	0.021977732454005118	0.032961274241258255	0.062340925402730445
7-7-R.toTranscriptome.sort	0.01972295796934397	0.32629004899693687	0.006829856265895679	0.032616059672792255	0.2608347641714766	0.3917453338223971
7-7-R.toTranscriptome.sort	0.01726949822194973	0.018991877195240918	0.007530213827906874	0.027008782615992585	0.0106761841857656	0.027307570204716233
7-7-R.toTranscriptome.sort	0.015796771628668216	0.042714583005902855	0.005856551600578672	0.02573699165675776	0.02832832392282003	0.05710084208898568
7-7-R.toTranscriptome.sort	0.018326375154141844	0.2286567164120161	0.0076978809610884335	0.028954869347195253	0.18212724289500754	0.27518618992902466
7-7-R.toTranscriptome.sort	0.01204998569964403	0.01611224238585421	0.00402364636984821	0.02007632502943985	0.007903044333274536	0.02432144043843388
7-7-R.toTranscriptome.sort	0.008546988894428021	0.04497715321327812	0.002346224950491003	0.01474775283836504	0.029251843938459202	0.06070246248809705
7-7-R.toTranscriptome.sort	0.008744807167951776	0.30311584505472955	0.002448540166887509	0.015041074169016042	0.24769345580548677	0.35853823430397236
7-7-R.toTranscriptome.sort	0.017958826932489742	0.018717626261013608	0.00879559075115114	0.027122063113828344	0.008440865503515652	0.028994387018511564
7-7-R.toTranscriptome.sort	0.018066191491347687	0.027425093422730567	0.008909652859453353	0.02722273012324202	0.014876272921460822	0.039973913924000314
7-7-R.toTranscriptome.sort	0.020776999462003325	0.29303712322187614	0.00969906709537237	0.03185493182863428	0.23623058484867177	0.3498436615950805
7-7-R.toTranscriptome.sort	0.016198521588030368	0.026053838751594036	0.005673042059384129	0.026724001116676607	0.01458524944925485	0.03752242805393322
7-7-R.toTranscriptome.sort	0.029975960782452748	0.029756226363662666	-0.002507902763278124	0.062459824328183616	0.01881591568252798	0.04069653704479735
7-7-R.toTranscriptome.sort	0.027097771445204578	0.22989084561603898	0.01325188955739226	0.040943653333016895	0.18755112204766744	0.2722305691844105
7-7-R.toTranscriptome.sort	0.014684370880749895	0.025985276018037212	0.005947081124704748	0.023421660636795044	0.01357909180753877	0.03839146022853565
7-7-R.toTranscriptome.sort	0.011311288592813438	0.029276287228764877	0.004817425182619835	0.01780515200300704	0.016421453561868714	0.04213112089566104
7-7-R.toTranscriptome.sort	0.013884524341765904	0.3328035086848354	0.006096386301718791	0.021672662381813017	0.22994329879780198	0.4356637185718688
7-7-R.toTranscriptome.sort	0.013510855140770156	0.03469274317975417	0.004970082788259061	0.022051627493281253	0.021407943081603077	0.04797754327790526
7-7-R.toTranscriptome.sort	0.007934520311550427	0.016317930586524688	0.001232890099476686	0.014636150523624167	0.007246440779635347	0.025389420393414026
7-7-R.toTranscriptome.sort	0.008692700447290135	0.09955308912451197	0.00024139275296615123	0.01714400814161412	0.07511431907640784	0.1239918591726161
7-7-R.toTranscriptome.sort	0.01730530084021475	0.02968766363010584	0.00485891992776475	0.029751681752664752	0.018301426314308894	0.04107390094590278
7-7-R.toTranscriptome.sort	0.3085967775507676	0.004799391348977849	0.225803188036995	0.39139036706454017	0.00021883250871630212	0.009379950189239396
7-7-R.toTranscriptome.sort	3.959292174706055	0.002332816879969612	2.613230985812767	5.305353363599343	-0.0006074718544068526	0.005273105614346077
7-7-R.toTranscriptome.sort	0.2873464163366595	0.002195592357618459	0.16706292523254873	0.4076299074407703	-0.0007200297094699677	0.005111214424706885
7-7-R.toTranscriptome.sort	0.2001346192523763	0.005969266722275184	0.14652380917481467	0.25374542932993793	-0.0009549312111638425	0.01289346465571421
7-7-R.toTranscriptome.sort	1.0938498511656087	0.00269338877988964	0.7592024452558178	1.4284972570753998	-0.0016533452529667674	0.007040122812746047
7-7-R.toTranscriptome.sort	0.07034536462930391	0.0013123227954384294	0.04487888496292554	0.09581184429568228	-0.0006636019279313374	0.0032882475188081963
7-7-R.toTranscriptome.sort	0.04840528989111945	0.0012435546058720015	0.02954019110562851	0.0672703886766104	-0.00018950202788824816	0.0026766112396322513
7-7-R.toTranscriptome.sort	0.5451422945103268	0.0003454737156427869	0.4177120772469606	0.672572511773693	-1.2819136034354314e-05	0.0007037665673199281
7-7-R.toTranscriptome.sort	0.03784662892336818	0.0004146187277732566	0.02422070400592556	0.0514725538408108	8.291265424054724e-05	0.000746324801305966
7-7-R.toTranscriptome.sort	0.03119604376835602	6.911150149458418e-05	0.017726970397344825	0.044665117139367216	-6.636444014951134e-05	0.0002045874431386797
7-7-R.toTranscriptome.sort	0.742191590752646	0.00013822300298916836	0.542272710635235	0.942110470870057	-5.3357292034087204e-05	0.0003298032980124239
7-7-R.toTranscriptome.sort	0.038395130791822794	0.005806070233019364	0.02483637199822289	0.0519538895854227	2.0426249224748082e-05	0.01159171421681398
7-7-R.toTranscriptome.sort	0.03853225625893644	0.00020735965117926302	0.024533145128445524	0.05253136738942736	-2.7291558499450118e-05	0.00044201086085797616
7-7-R.toTranscriptome.sort	0.5395201503586671	0.002143236283034645	0.38914527953982664	0.6898950211775075	-0.0012664029912740292	0.00555287555734332
7-7-R.toTranscriptome.sort	0.0254367741495826	0.0001382733085828803	0.014482352925658233	0.03639119537350696	-5.337671717370204e-05	0.00032992333433946267
7-7-R.toTranscriptome.sort	0.045525655081732744	0.0016592797029945637	0.009706210029207962	0.08134510013425753	-0.000431321957959121	0.0037498813639482483
7-7-R.toTranscriptome.sort	0.24216357492271087	0.001175608360940881	0.17199155987119635	0.3123355899742254	-0.00047899539214718134	0.0028302121140289433
7-7-R.toTranscriptome.sort	0.030578979166344583	0.0002766137319860896	0.015819722916097408	0.04533823541659176	5.5467901324693174e-06	0.00054768067383971
7-7-R.toTranscriptome.sort	0.04079482646631171	0.001245063957256723	0.021406290306264234	0.06018336262635919	-0.0005434113960985888	0.0030335393106120344
7-7-R.toTranscriptome.sort	0.14535299514047204	0.00013835723265946616	0.11414097850570505	0.17656501177523903	-5.3409123856026594e-05	0.0003301235891749589
7-7-R.toTranscriptome.sort	0.01720924612276343	0.0018680494009660328	0.007719021527390081	0.026699470718136775	-0.0015279374006696002	0.005264036202601666
7-7-R.toTranscriptome.sort	0.031607420169696976	6.920381801145612e-05	0.016930793943072703	0.04628404639632125	-6.645311385417398e-05	0.00020486074987708622
7-7-R.toTranscriptome.sort	0.19163284029132982	0.0015918811210177126	0.1547233863893122	0.22854229419334743	-0.00035993490583774044	0.0035436971478731657
7-7-R.toTranscriptome.sort	0.020363131866377445	6.922062933612792e-05	0.010832098850616425	0.029894164882138467	-6.646926181117016e-05	0.00020491052048342599
7-7-R.toTranscriptome.sort	0.020568820067047924	0.00013847489766112043	0.009338561081712273	0.03179907905238358	-5.3454559375905385e-05	0.00033040435469814625
7-7-R.toTranscriptome.sort	0.17558916063903246	0.000484838853824792	0.11588471473075601	0.2352936065473089	-4.612953795173514e-06	0.0009742906614447575
7-7-R.toTranscriptome.sort	0.013164044842910673	0.0011778952586642918	0.006011857871959276	0.020316231813862072	-0.0008684338486458767	0.0032242243659744603
7-7-R.toTranscriptome.sort	0.021871512004627627	0.0031876335482635817	0.011098082888528015	0.03264494112072724	-0.0005567665896703184	0.006932033686197481
7-7-R.toTranscriptome.sort	0.11923059365532114	0.002287615078908072	0.09085067891884276	0.14761050839179954	-0.0006107289894126799	0.005185959147228824
7-7-R.toTranscriptome.sort	0.017140683389206605	0.00034660834528910177	0.007042631636181079	0.02723873514223213	-0.00033283157299150647	0.00102604826356971
7-7-R.toTranscriptome.sort	0.02214576293885493	0.0007626311258598239	0.011078128622967524	0.03321339725474234	-0.00010747908196249707	0.001632741333682145
7-7-R.toTranscriptome.sort	0.13541139877473218	0.0015252622517196478	0.10617593556532592	0.16464686198413844	-0.0010675786837092795	0.004118103187148575
7-7-R.toTranscriptome.sort	0.016112242385854212	0.0015949804271671753	0.007401229748688502	0.02482325502301992	-0.00037006351583632733	0.003560024370170678
7-7-R.toTranscriptome.sort	0.030716104633458235	0.0018723683275440755	0.01639431662462087	0.0450378926422956	-0.0014042127850730217	0.005148949440161173
7-7-R.toTranscriptome.sort	0.14692993801227902	0.0006241987309138457	0.11500397344401259	0.17885590258054546	-0.0004718821927630403	0.0017202796545907318
7-7-R.toTranscriptome.sort	0.02468258408045751	0.003259704483661195	0.013419206951446315	0.035945961209468705	-0.0011475150310096289	0.007666923998332019
7-7-R.toTranscriptome.sort	0.016317930586524688	0.00027745542420854	0.007813829004441109	0.024822032168608267	5.563697266862345e-06	0.0005493471511502177
7-7-R.toTranscriptome.sort	0.1352057105740617	0.0034686149806715835	0.09702003943830687	0.17339138170981652	-0.001000024290604236	0.007937254251947403
7-7-R.toTranscriptome.sort	0.020226006399263793	0.0015959514368026112	0.00959625908409186	0.030855753714435726	-8.627581645036589e-05	0.0032781786900555883
7-7-R.toTranscriptome.sort	0.01570086598451325	0.0017347298226115342	0.007764305690759874	0.023637426278266628	-0.0015325749641072236	0.005002034609330292
7-7-R.toTranscriptome.sort	0.13815390811700523	0.0009715669968997536	0.10702615285386645	0.169281663380144	-0.0008021210860637235	0.002745255079863231
7-7-R.toTranscriptome.sort	0.017483497056990736	0.0024992281505270167	0.008836155930883828	0.026130838183097645	-0.0007892102247301076	0.0057876665257841405
7-7-R.toTranscriptome.sort	0.028727785360310273	0.0013193585214039821	0.010052365278215122	0.04740320544240542	-0.0008712301574189006	0.003509947200226865
7-7-R.toTranscriptome.sort	0.1495353218874384	0.00013889676854115068	0.10455842671229262	0.19451221706258418	-5.361746207115567e-05	0.000331410999153457
7-7-R.toTranscriptome.sort	0.03448705497908369	0.0013201628121388054	0.010918993223856352	0.05805511673431103	-0.0008802096166062796	0.00352053524088389
7-7-R.toTranscriptome.sort	0.013369733043581153	0.0012509856029070904	0.006264606038005033	0.020474860049157273	-0.0008060806807676771	0.0033080518865818576
7-7-R.toTranscriptome.sort	0.21350435229595746	0.0003475383835372248	0.13815885972016262	0.2888498448717523	4.2942511813975014e-05	0.0006521342552604746
7-7-R.toTranscriptome.sort	0.030304728232117276	0.0022954331214089176	0.017541971398493235	0.04306748506574132	-0.0010582300910180462	0.005649096333835882
7-7-R.toTranscriptome.sort	0.04374302400925525	0.00013918511205869853	0.026863678070722815	0.06062236994778768	-5.372880422124739e-05	0.00033209902833864445
7-7-R.toTranscriptome.sort	0.17792029357996456	6.960105536447742e-05	0.12269361611297422	0.2331469710469549	-6.683467702084258e-05	0.0002060367877497974
7-7-R.toTranscriptome.sort	0.02214576293885493	0.0022985191351385065	0.01227756072897946	0.0320139651487304	-0.0007019336216113801	0.0052989718918883925
7-7-R.toTranscriptome.sort	0.025093960481798468	0.004599286760504588	0.014407131583956666	0.03578078937964027	-0.0004376891998702174	0.009636262720879394
7-7-R.toTranscriptome.sort	0.17606909977393026	0.00041827041565089255	0.13972850361708256	0.21240969593077796	-0.00027850811005343583	0.001115048941355221
7-7-R.toTranscriptome.sort	0.031881671103924286	0.0012552718971901788	0.01726205153255018	0.04650129067529839	-0.0003032386374802211	0.0028137824318605785
7-7-R.toTranscriptome.sort	0.023037078475093675	0.0030699450805914555	0.012361637710086006	0.033712519240101345	3.678808245709481e-05	0.006103102078725817
7-7-R.toTranscriptome.sort	0.17579484883970295	0.00013957713478431085	0.1256058525817829	0.225983845097623	-5.388018171709988e-05	0.0003330344512857216
7-7-R.toTranscriptome.sort	0.026328089685821343	0.0006284049218229687	0.014048848061028666	0.03860733131061402	-0.0001085838266910368	0.0013653936703369742
7-7-R.toTranscriptome.sort	0.02468258408045751	0.00041909065424023127	0.014961977167486578	0.03440319099342844	-5.515857827734065e-05	0.0008933398867578032
7-7-R.toTranscriptome.sort	0.14905538275254063	0.001188005947579865	0.1099882747414066	0.18812249076367465	-0.0007540807975469793	0.0031300926927067094
7-7-R.toTranscriptome.sort	0.022899953007980027	0.001048626302731246	0.012192271707939833	0.03360763430802022	-0.0008747816159112457	0.002972034221373738
7-7-R.toTranscriptome.sort	0.024614021346900678	0.00013983399369999784	0.014682819385311833	0.034545223308489525	-5.397936656884947e-05	0.0003336473539688452
7-7-R.toTranscriptome.sort	0.18985020921885232	0.0	0.14820177732941628	0.23149864110828836	0.0	0.0
7-7-R.toTranscriptome.sort	0.02331132940932098	0.001469338522751524	0.012362144098468293	0.03426051472017366	-0.0007967669807817197	0.003735444026284768
7-7-R.toTranscriptome.sort	0.027013717021389612	0.001190195147728968	0.015136018136646053	0.03889141590613317	-0.0008775050810365134	0.0032578953764944496
7-7-R.toTranscriptome.sort	0.20664807894027484	0.0009107086339540793	0.1346172118986072	0.2786789459819425	-0.00010758921254018798	0.0019290064804483465
7-7-R.toTranscriptome.sort	0.02372270581066194	0.00413423251421814	0.012555016679392617	0.03489039494193126	-0.001662217464282429	0.00993068249271871
7-7-R.toTranscriptome.sort	0.041617579268993635	0.0016827562243828973	0.025835823222862833	0.057399335315124436	-0.0007213844484011528	0.004086896897166948
7-7-R.toTranscriptome.sort	0.1866277607416815	0.0001402641991937832	0.1373300837339802	0.2359254377493828	-5.4145488634868696e-05	0.0003346738870224351
7-7-R.toTranscriptome.sort	0.025573899616696254	0.0018243326119715428	0.014272210995703319	0.03687558823768919	-0.00043554629237926704	0.004084211516322353
7-7-R.toTranscriptome.sort	0.026190964218707688	0.003019396005045179	0.011982780662565098	0.04039914777485028	-0.0010566082545861786	0.007095400264676536
7-7-R.toTranscriptome.sort	0.20959627648321835	0.0007731657442732798	0.15050456474603163	0.26868798822040507	-0.00022982383388977688	0.0017761553224363365
7-7-R.toTranscriptome.sort	0.040246324597857104	0.00021094143417310594	0.022247901514340456	0.05824474768137375	-2.776307864235593e-05	0.0004496459469885678
7-7-R.toTranscriptome.sort	0.06390046767496221	0.00014066233279633251	0.033862878677431846	0.09393805667249258	-5.4299226558257347e-05	0.0003356238921509224
7-7-R.toTranscriptome.sort	0.22118337845432204	0.00014067969422965716	0.16225127675119094	0.28011548015745313	-5.430593062234992e-05	0.00033566531908166427
7-7-R.toTranscriptome.sort	0.02276282754086637	0.0005629272170137955	0.010415744305350128	0.035109910776382605	-8.397018880980085e-05	0.0012098246228373919
7-7-R.toTranscriptome.sort	0.09557645057821604	0.0001408361402012458	0.021784760409330223	0.16936814074710185	-5.436634177671782e-05	0.0003360386221792094
7-7-R.toTranscriptome.sort	0.3143601333580492	0.0016206168583654608	0.19241261641719234	0.43630765029890606	-0.0007756132435756354	0.0040168469603065575
7-7-R.toTranscriptome.sort	0.037229564321356746	0.0002820556502471374	0.01439934949331943	0.06005977914939406	-5.6491211035299247e-05	0.0006206025115295741
7-7-R.toTranscriptome.sort	0.04600559421663052	0.00042350268119222776	0.029079326766082818	0.06293186166717823	-0.00016348295656775123	0.0010104883189522068
7-7-R.toTranscriptome.sort	0.18607925887322688	0.0014122003254227263	0.14469118708780473	0.22746733065864902	-7.833629567363838e-05	0.002902736946519091
7-7-R.toTranscriptome.sort	0.0241340822120029	0.0004240804474694341	0.012375794041298255	0.03589237038270754	-0.00040722676166674997	0.0012553876566056181
7-7-R.toTranscriptome.sort	0.03613256058444751	0.0008490032645427801	0.022123396663017464	0.05014172450587756	-0.0005516494265126013	0.0022496559555981615
7-7-R.toTranscriptome.sort	0.1712697084249524	0.00439142348522361	0.13405265856789644	0.20848675828200836	-0.0031316749380640484	0.011914521908511267
7-7-R.toTranscriptome.sort	0.030716104633458235	0.0002125674902366062	0.018500589905018693	0.04293161936189778	-2.7977140301442495e-05	0.0004531121207746549
7-7-R.toTranscriptome.sort	0.024956835014684816	0.00021272618190531587	0.014745300722453784	0.035168369306915845	-2.7998031257643635e-05	0.0004534503950682754
7-7-R.toTranscriptome.sort	0.24271207679116555	0.0018447745859602677	0.13680286207064704	0.3486212915116841	-0.0016351394443535317	0.0053246886162740675
7-7-R.toTranscriptome.sort	0.03147029470258333	0.001277628838440421	0.018447502309401093	0.04449308709576556	-0.000965869695933185	0.0035211273728140272
7-7-R.toTranscriptome.sort	0.042028955670334586	0.0	0.025470116339411045	0.05858779500125813	0.0	0.0
7-7-R.toTranscriptome.sort	0.22954803194825485	0.0022033794812988997	0.1786313846065918	0.2804646792899179	-0.0005159543209477097	0.004922713283545509
7-7-R.toTranscriptome.sort	0.026808028820719126	0.0001422067227259741	0.014405566888835751	0.0392104907526025	-5.489559001918147e-05	0.00033930903547112965
7-7-R.toTranscriptome.sort	0.042028955670334586	0.0008538795474955791	0.006749494581727952	0.07730841675894122	6.500278472125118e-05	0.001642756310269907
7-7-R.toTranscriptome.sort	0.22385732506303824	0.0004985321281267669	0.17777189170466626	0.2699427584214102	-0.00014117672921266325	0.001138240985466197
7-7-R.toTranscriptome.sort	0.03578974691666339	0.00014243775089336195	0.021632020564351397	0.049947473268975376	-5.4984801495115774e-05	0.0003398603032818397
7-7-R.toTranscriptome.sort	0.0526561793716427	0.002351104333504595	0.03204783815372453	0.07326452058956087	-0.0004382987232876079	0.005140507390296798
7-7-R.toTranscriptome.sort	0.21398429143085526	0.004064046810395026	0.16278887872161263	0.2651797041400979	-0.000815217171552988	0.008943310792343041
7-7-R.toTranscriptome.sort	0.02523108594891212	0.0012129946791678728	0.013670651134735224	0.03679152076308902	-0.0008943200086807828	0.0033203093670165283
7-7-R.toTranscriptome.sort	0.03572118418310657	0.001570937941252413	0.019669483986755963	0.05177288437945717	-0.0008371862879127919	0.003979062170417618
7-7-R.toTranscriptome.sort	0.19999749378526266	0.001786051903360728	0.15831767850299858	0.24167730906752674	-0.0003787743348668878	0.003950878141588344
7-7-R.toTranscriptome.sort	0.029002036294537577	0.0006433012632533639	0.01631809861074502	0.04168597397833013	-0.00048632791476182363	0.0017729304412685515
7-7-R.toTranscriptome.sort	0.04154901653543681	0.0003575241162637021	0.026433137506281037	0.056664895564592574	4.417723638528001e-05	0.0006708709961421241
7-7-R.toTranscriptome.sort	0.20596245160470655	0.00021478396029811855	0.1607860480892637	0.2511388551201494	-2.8268928018582276e-05	0.00045783684861481935
7-7-R.toTranscriptome.sort	0.0314017319690265	0.00021489194620073198	0.018874515031349202	0.0439289489067038	-2.828314388281117e-05	0.0004580670362842751
