sample	start_density	stop_density	start_lower_CI	start_upper_CI	stop_lower_CI	stop_upper_CI
7-111-R.toTranscriptome.sort	0.049912737964157884	0.343311765831705	-0.016299558789970796	0.11612503471828656	-0.09165452121887147	0.7782780528822815
7-111-R.toTranscriptome.sort	0.022464513229102232	1.8379934709781682	-0.021578592033856318	0.06650761849206079	0.5773968570711279	3.098590084885209
7-111-R.toTranscriptome.sort	0.025506914825800277	1.4153029328593218	-0.024500938957548807	0.07551476860914937	-0.6346855071532556	3.4652913728718993
7-111-R.toTranscriptome.sort	0.03672793857383172	1.1551091217902356	-0.015249887724762635	0.08870576487242607	0.19020739759896654	2.1200108459815046
7-111-R.toTranscriptome.sort	1.0322307796568782	2.3457631433414647	-0.35660640932539356	2.42106796863915	0.8537973886123766	3.837728898070553
7-111-R.toTranscriptome.sort	1.6665067424796336	0.24327516605792368	-0.9111121036053451	4.2441255885646125	0.035498264096663346	0.451052068019184
7-111-R.toTranscriptome.sort	0.0	1.2767989827063222	0.0	0.0	0.12921704523305655	2.424380920179588
7-111-R.toTranscriptome.sort	2.406610808787539	3.1931164522816213	-2.3116576931090664	7.124879310684144	1.5429835376853542	4.843249366877888
7-111-R.toTranscriptome.sort	0.33615003192009496	0.2996833011259373	-0.1176135485134499	0.7899136123536399	0.04423075869995319	0.5551358435519214
7-111-R.toTranscriptome.sort	0.11793387443130389	0.9939900463020167	-0.09512860586160547	0.33099635472421324	0.27353129895526973	1.7144487936487636
7-111-R.toTranscriptome.sort	0.04877147974863772	1.9187576527861747	-0.0347926277179749	0.13233558721525035	0.974097968950255	2.8634173366220943
7-111-R.toTranscriptome.sort	0.5695673618284524	0.26629457724833416	-0.5470887349177905	1.6862234585746951	-0.227412048995063	0.7600012034917314
7-111-R.toTranscriptome.sort	0.24590727972804616	0.08364277509773818	-0.06881095257129982	0.5606255120273922	0.005652831555698276	0.16163271863977807
7-111-R.toTranscriptome.sort	0.0	1.6787419510137824	0.0	0.0	0.9053370141986361	2.4521468878289285
7-111-R.toTranscriptome.sort	0.5099729403885158	0.14886000220170623	0.0447224032460411	0.9752234775309905	-0.05884594557233119	0.35656594997574365
7-111-R.toTranscriptome.sort	1.3588815741082825	0.38684705638941885	-0.5154218373614803	3.2331849855780455	0.09241923349485903	0.6812748792839787
7-111-R.toTranscriptome.sort	0.28301243585071384	2.334735512702075	-0.1422177144036828	0.7082425861051105	0.8704646660107427	3.799006359393407
7-111-R.toTranscriptome.sort	1.502865119792273	0.043429338666083235	-1.1717057608897956	4.177436000474342	-0.001246970926218019	0.08810564825838449
7-111-R.toTranscriptome.sort	0.00028684616482655995	0.2727266401998739	-0.0002755202079647434	0.0008492125376178633	-0.01393921496860473	0.5593924953683526
7-111-R.toTranscriptome.sort	0.3978468396095779	1.9845231946001833	-0.2943634497238671	1.0900571289430228	0.9231821796351143	3.045864209565252
7-111-R.toTranscriptome.sort	0.819789097024475	0.17565043897711133	-0.6344229522264131	2.274001146275363	-0.10354753831515287	0.45484841626937556
7-111-R.toTranscriptome.sort	0.0023585115567066285	0.588187286606154	-0.0022653715347351593	0.006982394648148416	-0.13949780079140073	1.3158723740037088
7-111-R.toTranscriptome.sort	0.10732900992610633	1.6208012602163342	-0.09580559582083706	0.3104636156730497	0.816133707995683	2.4254688124369856
7-111-R.toTranscriptome.sort	0.33273658748571405	0.2276501515729243	-0.13502403947686958	0.8004972144482977	-0.0013821981885803747	0.45668250133442895
7-111-R.toTranscriptome.sort	0.0	0.23037498598719727	0.0	0.0	0.02908510970865616	0.4316648622657384
7-111-R.toTranscriptome.sort	0.040740905978786046	1.5472763844373116	-0.025837792047200103	0.1073196040047722	0.7939871488162809	2.300565620058342
7-111-R.toTranscriptome.sort	0.5471942423574312	0.27149215036715085	-0.23198615842499315	1.3263746431398555	-0.09310841723130964	0.6360927179656113
7-111-R.toTranscriptome.sort	0.9375997357296979	0.8277127799653032	-0.5655677477692793	2.4407672192286753	0.1476499325059757	1.5077756274246308
7-111-R.toTranscriptome.sort	1.350220145263682	2.2219341100246557	-1.231170922021201	3.9316112125485647	0.9195773544916315	3.52429086555768
7-111-R.toTranscriptome.sort	0.002431723916920806	0.42567058141929776	-0.0023356522252298033	0.007199100059071415	-0.1213277407249514	0.972668903563547
7-111-R.toTranscriptome.sort	0.03247076070917228	0.23118660081401582	-0.00989412317159677	0.07483564458994132	-0.029935722325686587	0.4923089239537182
7-111-R.toTranscriptome.sort	0.0013093749481632225	1.584739425232262	-0.0012576404885293031	0.0038763903848557484	0.6063581788909769	2.563120671573547
7-111-R.toTranscriptome.sort	0.6247839882604318	0.1631239017478773	-0.32982101134553277	1.5793889878663965	0.02121241933860249	0.30503538415715215
7-111-R.toTranscriptome.sort	0.008547949225915327	1.7961049066908505	-0.008210189133247368	0.025306087585078022	0.14942785967233663	3.4427819537093645
7-111-R.toTranscriptome.sort	0.10450949397339802	3.134048846325863	-0.03554499290382847	0.24456398085062453	1.560016575980463	4.708081116671263
7-111-R.toTranscriptome.sort	0.0	0.11207197943923825	0.0	0.0	-0.06837232828856404	0.29251628716704053
7-111-R.toTranscriptome.sort	0.3607683253675422	0.9916387863544578	-0.12032269918663346	0.841859349921718	0.3761319855792524	1.6071455871296632
7-111-R.toTranscriptome.sort	0.25805927532523454	1.5046777969786622	-0.2478606997199282	0.7639792503703973	0.4522533562157349	2.5571022377415895
7-111-R.toTranscriptome.sort	0.646781944395971	0.1115570726865471	-0.2719438858672302	1.5655077746591721	-0.0618966115979121	0.2850107569710063
7-111-R.toTranscriptome.sort	3.0614026396461718	0.7568622043246743	-2.6436505010850118	8.766455780377356	0.1950181780310145	1.3187062306183341
7-111-R.toTranscriptome.sort	0.013077422823445302	1.2099854085109247	-0.0054363063033036705	0.031591151950194275	0.6677678902929514	1.752202926728898
7-111-R.toTranscriptome.sort	0.17683611345320463	0.021703691551978724	-0.0344760934717529	0.38814832037816216	-0.0015645327713776705	0.04497191587533512
7-111-R.toTranscriptome.sort	0.7252062833982318	0.5854040174858288	-0.6552223637501986	2.105634930546662	-0.07563776707422798	1.2464458020458857
7-111-R.toTranscriptome.sort	0.09451136306001182	1.8175425438835529	-0.05327656983998236	0.242299295960006	0.7501136566420761	2.8849714311250296
7-111-R.toTranscriptome.sort	0.6973288609183498	0.4038823028040673	-0.37567115757113323	1.770328879407833	-0.15011175487858736	0.957876360486722
7-111-R.toTranscriptome.sort	0.16962927182707402	0.6362546449960348	-0.16292307049004665	0.5021816141441947	0.1637361848486203	1.1087731051434493
7-111-R.toTranscriptome.sort	0.07942143836699968	1.3562714162592682	-0.013247050839465271	0.17208992757346464	0.625341767975456	2.0872010645430805
7-111-R.toTranscriptome.sort	1.0754379485657166	0.42327341054332485	-0.7893676868541004	2.9402435839855334	-0.09309567746110031	0.9396424985477501
7-111-R.toTranscriptome.sort	0.3448343460695361	0.33535985799393814	-0.3149553264804974	1.0046240186195696	-0.03343470154187811	0.7041544175297544
7-111-R.toTranscriptome.sort	0.36465196698649677	2.506743089173709	-0.12005547152432677	0.8493594054973204	1.410927686662672	3.602558491684746
7-111-R.toTranscriptome.sort	0.0903764750891267	0.15451804785276474	-0.032729927746701803	0.2134828779249552	0.0013828990805329067	0.30765319662499657
7-111-R.toTranscriptome.sort	0.18716591942685495	1.081235551390236	-0.09825966889500598	0.4725915077487159	0.35760238381625276	1.8048687189642194
7-111-R.toTranscriptome.sort	0.12277980561455247	2.54494925601508	-0.07472094143813683	0.32028055266724176	1.227784619853507	3.8621138921766534
7-111-R.toTranscriptome.sort	0.0	0.38267030703383237	0.0	0.0	-0.004099110431537989	0.7694397244992027
7-111-R.toTranscriptome.sort	0.12209436149192776	0.45636738371236196	-0.05248100758409588	0.29666973056795143	0.07937628142936898	0.8333584859953549
7-111-R.toTranscriptome.sort	0.0	1.856658241526364	0.0	0.0	0.7630733010637716	2.9502431819889563
7-111-R.toTranscriptome.sort	0.16271922239119033	0.18342374470458708	-0.1316824582529937	0.45712090303537434	-0.03571903684944755	0.4025665262586217
7-111-R.toTranscriptome.sort	0.11379657536968	0.6982462783390532	0.005713839386872213	0.22187931135248778	0.2114274245054551	1.1850651321726513
7-111-R.toTranscriptome.sort	0.050545916455757664	0.9034360166268225	-0.023563005069740295	0.12465483798125562	0.3181290661474643	1.4887429671061807
7-111-R.toTranscriptome.sort	0.6870113429068393	0.28501956574707127	-0.42129700822244975	1.7953196940361282	0.029119974898359213	0.5409191565957834
7-111-R.toTranscriptome.sort	0.02059480276266043	1.2146793726574	-0.009955597719568225	0.05114520324488908	0.3243730644722246	2.1049856808425753
7-111-R.toTranscriptome.sort	0.104841566306034	2.0716995442227395	-0.06788237308126502	0.27756550569333305	0.9168259040726012	3.226573184372878
7-111-R.toTranscriptome.sort	0.4262353727341218	0.23433563805710778	-0.2227050132015168	1.0751757586697606	-0.05469148403866281	0.5233627601528783
7-111-R.toTranscriptome.sort	0.003246356373499542	0.3477601490495124	-0.003117936676611197	0.009610649423610281	0.03554573686562845	0.6599745612333964
7-111-R.toTranscriptome.sort	0.006604765753571395	2.392381716476025	-0.006343481719418481	0.01955301322656127	1.1807979659140118	3.603965467038038
7-111-R.toTranscriptome.sort	0.32719299793115597	0.42553466321056976	-0.14611206608152078	0.8004980619438327	-0.16853501037698504	1.0196043367981247
7-111-R.toTranscriptome.sort	0.299438975607594	0.9334452002273758	-0.03988000392842883	0.6387579551436169	0.19007072569054773	1.6768196747642037
7-111-R.toTranscriptome.sort	0.2579403363524221	2.0903649229481656	-0.06706966197651304	0.5829503346813572	0.7752555462097164	3.405474299686615
7-111-R.toTranscriptome.sort	0.11396992544184549	0.1580572176753081	-0.04796812368982163	0.2759079745735126	-0.008228869931238336	0.3243433052818545
7-111-R.toTranscriptome.sort	0.3488221712962275	1.1419652279136776	-0.31092600989883334	1.0085703524912883	0.31670473319455084	1.9672257226328043
7-111-R.toTranscriptome.sort	0.0008785745316874344	2.122593873130091	-0.0008438106876216849	0.002600959750996554	0.820316570859368	3.4248711754008143
7-111-R.toTranscriptome.sort	0.058359751734021754	0.07648998485744428	-0.028198900306889367	0.14491840377493287	-0.010472144028322417	0.16345211374321097
7-111-R.toTranscriptome.sort	0.0	0.6050370574670605	0.0	0.0	0.20028344977104096	1.00979066516308
7-111-R.toTranscriptome.sort	0.22097516741071427	2.211168116920081	-0.21223063135675913	0.6541809661781877	0.8608191699545376	3.561517063885624
7-111-R.toTranscriptome.sort	0.3103373481955135	0.18717374814026388	-0.2249197338732144	0.8455944302642414	-0.06400616382535929	0.43835366010588706
7-111-R.toTranscriptome.sort	0.014757203713060918	0.5862795987855113	-0.008555583632336728	0.03806999105845856	0.09074778205041034	1.0818114155206122
7-111-R.toTranscriptome.sort	0.5805367504835589	3.2680894879683917	-0.2812686213570864	1.4423421223242041	1.0628641275984627	5.473314848338321
7-111-R.toTranscriptome.sort	2.506194190200593	0.8039014563880477	-2.3804568236255097	7.392845204026695	-0.13529616734575	1.7430990801218453
7-111-R.toTranscriptome.sort	0.1465087643053745	0.5889201632669055	-0.12770690757567163	0.42072443618642064	-0.06983098103255558	1.2476713075663666
7-111-R.toTranscriptome.sort	0.43262529240394537	2.010278913594501	-0.1970318740633032	1.0622824588711939	0.8228512944502353	3.1977065327387666
7-111-R.toTranscriptome.sort	0.0	0.12680580737654412	0.0	0.0	-0.013801891385159165	0.26741350613824744
7-111-R.toTranscriptome.sort	1.0223167320640056	1.3139543331948162	-0.7512470920610792	2.7958805561890907	-0.10430488084995604	2.7322135472395885
7-111-R.toTranscriptome.sort	0.12071797899178215	3.029311671827532	-0.0978842860762935	0.3393202440598578	0.6125416404374446	5.44608170321762
7-111-R.toTranscriptome.sort	0.0	0.1761573573256548	0.0	0.0	-0.04838480503512935	0.4006995196864389
7-111-R.toTranscriptome.sort	0.11031949033899607	1.3807115603398499	-0.10208985829645312	0.32272883897444526	0.08952392821257171	2.6718991924671283
7-111-R.toTranscriptome.sort	0.6593347317358028	2.2603477525772133	-0.17682289231783577	1.4954923557894415	0.8499836059253445	3.670711899229082
7-111-R.toTranscriptome.sort	0.8080494008000538	0.219350724629014	-0.20505677862254235	1.82115558022265	-0.08664586669874574	0.5253473159567738
7-111-R.toTranscriptome.sort	0.19073969021074555	0.36897994707594634	-0.15840265082192623	0.5398820312434174	-0.013832599760705333	0.751792493912598
7-111-R.toTranscriptome.sort	0.08085240527078999	3.4218850031760932	-0.07765169054262641	0.2393565010842064	1.8323140307853873	5.011455975566799
7-111-R.toTranscriptome.sort	0.02452360347097189	0.6592659278230399	-0.02355277605145495	0.07259998299339873	-0.04939240911847087	1.3679242647645506
7-111-R.toTranscriptome.sort	1.0848350673935687	1.3227609566952945	-0.9779544087354541	3.147624543522592	0.006933027954712401	2.6385888854358766
7-111-R.toTranscriptome.sort	0.07888061627985446	2.4201279884041367	-0.07398847919411036	0.23174971175381928	0.9316369553932036	3.9086190214150696
7-111-R.toTranscriptome.sort	1.9880038905011812	0.8219835513506655	-1.4736728654467912	5.449680646449154	0.004208433502909004	1.639758669198422
7-111-R.toTranscriptome.sort	0.2837100460293204	1.040193422775982	-0.17009136855962897	0.7375114606182698	0.32033856360289725	1.7600482819490666
7-111-R.toTranscriptome.sort	0.764662085295076	2.4617610560049843	-0.3372121302486807	1.8665363008388325	1.2757391912761478	3.647782920733821
7-111-R.toTranscriptome.sort	0.3407100951366214	0.02140440585816947	-0.1552425103340796	0.8366627006073224	-0.0035694043446378755	0.04637821606097682
7-111-R.toTranscriptome.sort	0.0	0.04464528149615601	0.0	0.0	-0.024623188578587037	0.11391375157089906
7-111-R.toTranscriptome.sort	0.04522314637500278	0.8917137385979993	-0.04343270151286941	0.13387899426287497	0.36294213064643943	1.420485346549559
7-111-R.toTranscriptome.sort	1.2807954777060424	0.1069468998714767	-0.11493018821323009	2.676521143625315	-0.10016348787603717	0.31405728761899054
7-111-R.toTranscriptome.sort	16.880428572650754	0.05713200128957339	8.230801069472514	25.530056075828995	0.004116964593971963	0.1101470379851748
7-111-R.toTranscriptome.sort	55.278983824733224	0.0	31.474709816155585	79.08325783331087	0.0	0.0
7-111-R.toTranscriptome.sort	8.142315778215345	0.0	1.4831369539879464	14.801494602442743	0.0	0.0
7-111-R.toTranscriptome.sort	2.1124267203721407	0.0	-0.13071689109890983	4.355570331843191	0.0	0.0
7-111-R.toTranscriptome.sort	6.416408849030345	0.0	1.463855893276361	11.36896180478433	0.0	0.0
7-111-R.toTranscriptome.sort	0.18503268303179893	0.020263993865702698	0.04213617748430559	0.32792918857929226	-0.019461659843334388	0.059989647574739784
7-111-R.toTranscriptome.sort	0.9150225803459742	0.023944361649279683	0.3013439110959335	1.5287012495960148	-0.022996310825930448	0.07088503412448982
7-111-R.toTranscriptome.sort	4.49117238546425	0.0	2.037050195335442	6.945294575593057	0.0	0.0
7-111-R.toTranscriptome.sort	0.9603619861855294	0.0	-0.05174363001795046	1.9724676023890093	0.0	0.0
7-111-R.toTranscriptome.sort	0.3722237572500431	0.0	0.06597653153735222	0.678470982962734	0.0	0.0
7-111-R.toTranscriptome.sort	3.1548647278229702	0.0	2.0529891687469686	4.256740286898972	0.0	0.0
7-111-R.toTranscriptome.sort	0.9126452341596394	0.0	0.09250582849619504	1.7327846398230837	0.0	0.0
7-111-R.toTranscriptome.sort	1.4878640862614954	0.0	0.513079846184956	2.4626483263380345	0.0	0.0
7-111-R.toTranscriptome.sort	3.718639801525909	0.0256171335187362	2.2449916896674775	5.19228791338434	-0.024602855344854457	0.07583712238232686
7-111-R.toTranscriptome.sort	0.07833755110478403	5.079321486720902e-05	-0.02078457647675916	0.17745967868632723	-4.87821214252587e-05	0.00015036855115967674
7-111-R.toTranscriptome.sort	0.49568122309899426	7.290192132772262e-05	-0.12166430961191893	1.1130267558099074	-7.00154614674626e-05	0.00021581930412290786
7-111-R.toTranscriptome.sort	1.3214341756782708	0.0	0.2777794584147715	2.3650888929417704	0.0	0.0
7-111-R.toTranscriptome.sort	0.291279495160641	0.013758418612787543	-0.07451915532623199	0.657078145647514	-0.007914868867089734	0.03543170609266482
7-111-R.toTranscriptome.sort	0.46473468709362586	0.0	0.00522501184653773	0.9242443623407139	0.0	0.0
7-111-R.toTranscriptome.sort	0.8934831763033656	0.0	0.39438497253907795	1.3925813800676532	0.0	0.0
7-111-R.toTranscriptome.sort	0.32714439701055337	0.0	-0.0017560311663486483	0.6560448251874553	0.0	0.0
7-111-R.toTranscriptome.sort	0.1830716192898487	0.0038005969035627683	-0.0614577083527304	0.4276009469324278	-0.003650118618885505	0.011251312426011042
7-111-R.toTranscriptome.sort	1.1766171862871289	9.803308781198701e-05	0.36120589531286384	1.9920284772613939	-9.415163958548275e-05	0.00029021781520945675
7-111-R.toTranscriptome.sort	0.9030064643312811	0.0	0.07062823510857141	1.7353846935539907	0.0	0.0
7-111-R.toTranscriptome.sort	0.1916332325523378	0.0	-0.09178129084408218	0.4750477559487578	0.0	0.0
7-111-R.toTranscriptome.sort	0.5347515579538706	0.0	0.21906703979116832	0.850436076116573	0.0	0.0
7-111-R.toTranscriptome.sort	0.2469676689594266	0.016643490887611825	-0.23509868275099402	0.7290340206698472	-0.01598452379948764	0.049271505574711286
7-111-R.toTranscriptome.sort	0.40859753616266004	0.0	0.028937350308151866	0.7882577220171683	0.0	0.0
7-111-R.toTranscriptome.sort	1.0827463069036278	0.12619313906079196	-0.08544430415119875	2.2509369179584544	-0.11925579741168046	0.3716420755332644
7-111-R.toTranscriptome.sort	0.2590534575981192	0.0	-0.022604854387846873	0.5407117695840853	0.0	0.0
7-111-R.toTranscriptome.sort	0.5184894461635288	0.0	-0.008704015937490817	1.0456829082645482	0.0	0.0
7-111-R.toTranscriptome.sort	0.5445355074252846	0.0006505554518297236	0.21517810423052097	0.8738929106200481	-0.0006247980645678989	0.001925908968227346
7-111-R.toTranscriptome.sort	0.2077028306058213	0.0	-0.15502560813241278	0.5704312693440554	0.0	0.0
7-111-R.toTranscriptome.sort	0.10233245802930985	0.0	0.0016361119810682917	0.20302880407755142	0.0	0.0
7-111-R.toTranscriptome.sort	0.40710368330101326	0.0002323668315192989	0.0821344540202068	0.7320729125818197	-0.0002231668088387533	0.0006879004718773512
7-111-R.toTranscriptome.sort	0.05330228077578548	0.0	0.004037911784830546	0.1025666497667404	0.0	0.0
7-111-R.toTranscriptome.sort	0.4439500432439252	0.0	0.000692257920096806	0.8872078285677536	0.0	0.0
7-111-R.toTranscriptome.sort	0.6424361283206562	0.0	0.033952331096797406	1.250919925544515	0.0	0.0
7-111-R.toTranscriptome.sort	0.012925599031339056	0.0	-0.005089526929005821	0.030940724991683932	0.0	0.0
7-111-R.toTranscriptome.sort	0.4118564827876393	0.0	0.04385949430926711	0.7798534712660115	0.0	0.0
7-111-R.toTranscriptome.sort	0.8301069370791491	0.0	0.23162304291960334	1.4285908312386948	0.0	0.0
7-111-R.toTranscriptome.sort	0.24868018357168753	0.0	-0.11150794833828964	0.6088683154816648	0.0	0.0
7-111-R.toTranscriptome.sort	0.7660208750392076	0.0	-0.29934167484035623	1.8313834249187715	0.0	0.0
7-111-R.toTranscriptome.sort	1.0153088772340066	0.5436643057597219	0.31003412763462823	1.7205836268333852	-0.5221395466193106	1.6094681581387544
7-111-R.toTranscriptome.sort	0.1955535048522857	0.28897623058207006	-0.11068261564168388	0.5017896253462553	-0.2775351306745572	0.8554875918386973
7-111-R.toTranscriptome.sort	0.22439219890246104	0.0001596284018834051	0.027447155063455436	0.42133724274146667	-0.00015330843344433558	0.0004725652372111458
7-111-R.toTranscriptome.sort	1.3258150735015135	0.054312928641795065	0.4152133458863124	2.2364168011167145	-0.05216258452508644	0.16078844180867657
7-111-R.toTranscriptome.sort	1.2636235978202568	0.0	-0.7218211063797246	3.2490683020202384	0.0	0.0
7-111-R.toTranscriptome.sort	0.20616899952550416	0.0	-0.016146098025698746	0.4284840970767071	0.0	0.0
7-111-R.toTranscriptome.sort	0.8424888233728888	0.0	0.24553181668941992	1.4394458300563575	0.0	0.0
7-111-R.toTranscriptome.sort	1.6072020816662753	0.0	-1.0990863942214364	4.313490557553987	0.0	0.0
7-111-R.toTranscriptome.sort	1.1100681016607004	0.10463670333593938	-0.350137626710729	2.5702738300321295	-0.10049409241237306	0.30976749908425183
7-111-R.toTranscriptome.sort	1.4417046169163732	0.0	0.1552552739048938	2.7281539599278526	0.0	0.0
7-111-R.toTranscriptome.sort	0.053447857674691464	0.0	-0.03488212338628475	0.14177783873566768	0.0	0.0
7-111-R.toTranscriptome.sort	0.18062279515368432	0.0	-0.010422398192416027	0.37166798849978466	0.0	0.0
7-111-R.toTranscriptome.sort	1.346639124632839	0.07497489792880196	0.2297712340885778	2.4635070151771004	-0.07200667947970105	0.22195647533730498
7-111-R.toTranscriptome.sort	0.1977958991758511	0.0	-0.05767636610038801	0.4532681644520902	0.0	0.0
7-111-R.toTranscriptome.sort	0.24514822202079578	0.002966713136204662	-0.16109130204957495	0.6513877460911666	-0.0028492637051520824	0.008782689977561407
7-111-R.toTranscriptome.sort	0.9778033360982047	0.0	0.23916402032430784	1.7164426518721014	0.0	0.0
7-111-R.toTranscriptome.sort	0.26330102754458357	0.0	-0.0016289652673017185	0.5282310203564688	0.0	0.0
7-111-R.toTranscriptome.sort	0.29155362941594154	0.0	0.0031280559458557455	0.5799792028860273	0.0	0.0
7-111-R.toTranscriptome.sort	1.9920712878431444	6.576884415287394e-05	-0.03944316918199786	4.023585744868287	-6.316516077123276e-05	0.00019470284907698065
7-111-R.toTranscriptome.sort	0.3305845686014705	0.0	-0.045748343788239665	0.7069174809911807	0.0	0.0
7-111-R.toTranscriptome.sort	0.046003294356407605	0.0	-0.002442363130992581	0.09444895184380779	0.0	0.0
7-111-R.toTranscriptome.sort	0.9271266191350503	0.0	0.28492762279382255	1.569325615476278	0.0	0.0
7-111-R.toTranscriptome.sort	0.30764924043942415	0.0	0.03172559255580121	0.5835728883230471	0.0	0.0
7-111-R.toTranscriptome.sort	0.35410042382043877	0.0	-0.07668905163975342	0.784889899280631	0.0	0.0
7-111-R.toTranscriptome.sort	1.3617728020062256	0.0748896247240618	0.5542813809329741	2.169264223079477	-0.07192497209511167	0.22170422154323527
7-111-R.toTranscriptome.sort	0.4174829364705209	0.0	-0.1276429746364881	0.96260884757753	0.0	0.0
7-111-R.toTranscriptome.sort	0.5568479029104408	0.053975659984120676	-0.06406021145006191	1.1777560172709436	-0.02294604401201391	0.13089736398025525
7-111-R.toTranscriptome.sort	1.4220869885561125	0.0	0.753109303565765	2.0910646735464598	0.0	0.0
7-111-R.toTranscriptome.sort	0.698063418394557	0.0	-0.2639820368359984	1.6601088736251124	0.0	0.0
7-111-R.toTranscriptome.sort	0.7349656294568729	0.0	0.027915514132418107	1.4420157447813278	0.0	0.0
7-111-R.toTranscriptome.sort	0.48565400778965095	0.0	0.15952992159414553	0.8117780939851564	0.0	0.0
7-111-R.toTranscriptome.sort	0.06474208818212969	0.0	0.0042055131999354164	0.12527866316432396	0.0	0.0
7-111-R.toTranscriptome.sort	1.3613227657378046	0.015262326134078474	0.1183064535144045	2.604339077961205	-0.01303284866779953	0.04355750093595648
7-111-R.toTranscriptome.sort	1.8873549057872918	0.0	-0.0003976048383773634	3.775107416412961	0.0	0.0
7-111-R.toTranscriptome.sort	0.19269894041691746	0.0	-0.003432942886845425	0.38883082372068034	0.0	0.0
7-111-R.toTranscriptome.sort	0.5189494399087218	0.0	-0.15175586852165168	1.1896547483390951	0.0	0.0
7-111-R.toTranscriptome.sort	1.1206166806423719	0.0	0.4624188482650885	1.7788145130196553	0.0	0.0
7-111-R.toTranscriptome.sort	0.11674353963059118	0.010716222612073507	-0.016284473085823162	0.24977155234700554	-0.010292035718691826	0.03172448094283884
7-111-R.toTranscriptome.sort	0.6695529161444758	0.0	-0.08018110577662096	1.4192869380655724	0.0	0.0
7-111-R.toTranscriptome.sort	1.2094823362905236	0.0	0.48955812630146933	1.9294065462795777	0.0	0.0
7-111-R.toTranscriptome.sort	0.42691296040008136	0.0	-0.22250331295036635	1.076329233750529	0.0	0.0
7-111-R.toTranscriptome.sort	0.7444937487582141	3.9622488985204054e-05	-0.03432384798276533	1.5233113454991933	-3.80541525861839e-05	0.000117299130556592
7-111-R.toTranscriptome.sort	0.6834057250097365	0.029670750382848388	0.18307318457298605	1.183738265446487	-0.028496331199742445	0.08783783196543922
7-111-R.toTranscriptome.sort	0.35915026019417795	0.0	0.014547928387718734	0.7037525920006371	0.0	0.0
7-111-R.toTranscriptome.sort	0.8170593061243978	0.004221152553847073	0.0006545200754696223	1.6334640921733259	-0.004054074302819474	0.01249637941051362
7-111-R.toTranscriptome.sort	1.6642848360066709	0.0	0.5298308499819357	2.798738822031406	0.0	0.0
7-111-R.toTranscriptome.sort	0.2299451297935329	0.007194084070816209	-0.18506927896382916	0.6449595385508949	-0.006909338042887719	0.021297506184520136
7-111-R.toTranscriptome.sort	0.7550977547039842	0.00020767350339992124	0.06566574632098465	1.4445297630869838	-0.0001994537381463681	0.0006148007449462106
7-111-R.toTranscriptome.sort	1.6191349688789123	0.0	0.6351687380112396	2.603101199746585	0.0	0.0
7-111-R.toTranscriptome.sort	0.3082946081942515	0.4671697924275935	-0.08221905772000077	0.6988082741085038	-0.3839142701491083	1.3182538550042953
7-111-R.toTranscriptome.sort	0.24416485145941214	0.00471933471933472	0.0018423632801440881	0.4864873396386802	-0.004532545257399787	0.013971214696069226
7-111-R.toTranscriptome.sort	1.4343232561550334	0.0	0.6645634696478109	2.2040830426622557	0.0	0.0
7-111-R.toTranscriptome.sort	0.8392251265461015	0.07334550702101865	0.11026064933738222	1.5681896037548206	-0.07044257798706736	0.21713359202910465
7-111-R.toTranscriptome.sort	0.8063722433878018	0.0	0.2108399602732226	1.4019045265023808	0.0	0.0
7-111-R.toTranscriptome.sort	2.323316874663177	0.0	1.008579419134085	3.6380543301922694	0.0	0.0
7-111-R.toTranscriptome.sort	0.17794562547107107	0.0	-0.02142438864237789	0.37731563958452	0.0	0.0
7-111-R.toTranscriptome.sort	0.3551239166919501	0.0	0.0911521724047939	0.6190956609791063	0.0	0.0
7-111-R.toTranscriptome.sort	1.2635488068560954	0.001208890105692328	0.5486785617339313	1.9784190519782596	-0.0011610455789451976	0.0035788257903298535
7-111-R.toTranscriptome.sort	0.39912579514708857	0.003873420984789894	-0.1025597582843848	0.9008113485785619	-0.002784178601269461	0.010531020570849248
7-7-R.toTranscriptome.sort	0.3499627538592322	0.4134387181986694	0.07513691596248301	0.6247885917559814	0.1290977269116304	0.6977797094857083
7-7-R.toTranscriptome.sort	0.5128466120558229	2.822830578628638	-0.29012544702016685	1.3158186711318127	2.0322861332368034	3.6133750240204727
7-7-R.toTranscriptome.sort	0.20390317341438705	0.2262174500936905	-0.03595423201445447	0.44376057884322856	0.06517071432360788	0.3872641858637731
7-7-R.toTranscriptome.sort	0.03475619722682277	0.5410930337959825	-0.0063303012192437585	0.0758426956728893	0.2467115900277519	0.8354744775642131
7-7-R.toTranscriptome.sort	0.06491672935562852	2.603504416498998	0.005077440586744933	0.1247560181245121	1.8614961685898952	3.345512664408101
7-7-R.toTranscriptome.sort	0.0799112786513381	0.17353136694358942	-0.05687108696358309	0.21669364426625928	0.05872909937464488	0.28833363451253397
7-7-R.toTranscriptome.sort	0.9029657535010094	0.3273068076577518	-0.5797465596740341	2.3856780666760526	-0.020785756509763054	0.6753993718252667
7-7-R.toTranscriptome.sort	0.470372970031047	3.1272551997947113	0.07810359057340183	0.8626423494886921	2.355336711633387	3.8991736879560355
7-7-R.toTranscriptome.sort	0.5662984794969235	2.7676582893003467	-0.23700130191958546	1.3695982609134325	1.6666798402253151	3.868636738375378
7-7-R.toTranscriptome.sort	0.42860352071108054	0.6749564197378012	0.030454913242562276	0.8267521281795989	0.21574530128599806	1.1341675381896044
7-7-R.toTranscriptome.sort	0.9774310710040744	1.936800514426353	-0.07163688403434698	2.026499026042496	1.389667405044324	2.483933623808382
7-7-R.toTranscriptome.sort	0.1954230668632759	0.23407527778248532	-0.005275875700519739	0.39612200942707154	0.02096988364306851	0.44718067192190214
7-7-R.toTranscriptome.sort	0.1026370818455182	0.7394846735421976	-0.028394883793450287	0.2336690474844867	0.06617551287163126	1.412793834212764
7-7-R.toTranscriptome.sort	0.19006219179483652	2.1266169614000052	0.016017883398809357	0.36410650019086366	1.5490967706551235	2.704137152144887
7-7-R.toTranscriptome.sort	0.1403514527555026	0.28225856716350095	-0.002515299054459713	0.28321820456546487	0.10093552164706152	0.46358161267994036
7-7-R.toTranscriptome.sort	0.2262996930173904	0.30218734452882956	-0.0012630551354352315	0.453862441170216	0.15112141861762515	0.45325327044003394
7-7-R.toTranscriptome.sort	0.5953418431903704	2.749222249740765	-0.16823444902678697	1.358918135407528	2.118640009155767	3.379804490325763
7-7-R.toTranscriptome.sort	0.36120145414933325	0.2534916015330673	0.005672947418538188	0.7167299608801283	0.04291969708372642	0.4640635059824082
7-7-R.toTranscriptome.sort	0.49822534730800766	0.37747872320773584	-0.04118128386736836	1.0376319784833836	0.19616403668156343	0.5587934097339082
7-7-R.toTranscriptome.sort	0.4687245704294728	2.1828395177087354	-0.012492671143860434	0.949941812002806	1.5143530086561363	2.8513260267613347
7-7-R.toTranscriptome.sort	0.5374498165821322	0.22129625105297923	0.06942869874953944	1.005470934414725	0.030907392549242407	0.41168510955671606
7-7-R.toTranscriptome.sort	0.16552430282629058	0.6615394170414864	-0.007168135096371597	0.33821674074895275	0.23618886395132327	1.0868899701316497
7-7-R.toTranscriptome.sort	0.4984135125445892	2.4677468051067195	0.11222636470074954	0.8846006603884289	1.7206307025748298	3.2148629076386093
7-7-R.toTranscriptome.sort	0.05469791168147666	0.30029092007730135	0.0059085707114622035	0.10348725265149111	-0.010932746231055668	0.6115145863856584
7-7-R.toTranscriptome.sort	0.5541004770130975	0.32363346237067603	0.15852203537606058	0.9496789186501344	0.15135607929421177	0.49591084544714026
7-7-R.toTranscriptome.sort	0.2663200591566602	3.8241496759949003	-0.05024937919274902	0.5828894975060694	2.8547280885289448	4.793571263460856
7-7-R.toTranscriptome.sort	0.11416800983546364	0.14432218084737897	-0.00843880855536562	0.23677482822629292	0.04822071566703971	0.2404236460277182
7-7-R.toTranscriptome.sort	0.1561069523998254	0.28176609966152943	-0.028344175881200667	0.34055808068085147	0.12132236619381773	0.4422098331292411
7-7-R.toTranscriptome.sort	0.6645323321601022	3.268827565031983	-0.38366509240412117	1.7127297567243256	2.3860218178105974	4.151633312253368
7-7-R.toTranscriptome.sort	0.11006588154864971	0.32001438856474884	-0.0033869294122487875	0.2235186925095482	0.1283413478746589	0.5116874292548388
7-7-R.toTranscriptome.sort	0.13396109009263818	0.45985613712886286	0.036538218947700096	0.23138396123757626	0.11994630916696919	0.7997659650907565
7-7-R.toTranscriptome.sort	0.45748917018535706	2.3725108652185716	-0.014821508831769303	0.9297998492024835	1.7539137084556797	2.9911080219814634
7-7-R.toTranscriptome.sort	0.3877608869922506	0.1895775687741297	0.08108105446388092	0.6944407195206203	0.08620426146857883	0.29295087607968057
7-7-R.toTranscriptome.sort	0.24274639627616101	0.29680537372342314	-0.15188061907464756	0.6373734116269696	0.12526858735937343	0.46834216008747287
7-7-R.toTranscriptome.sort	0.13055998245809491	2.4173095031908947	-0.03378475275475731	0.29490471767094717	1.7478199636702532	3.086799042711536
7-7-R.toTranscriptome.sort	0.47865083802154884	0.3482614972805556	-0.14506760618059433	1.102369282223692	0.053721015953559714	0.6428019786075515
7-7-R.toTranscriptome.sort	0.3265443381954445	0.3259649022312324	0.004419880595352088	0.6486687957955368	0.15091753451954298	0.5010122699429218
7-7-R.toTranscriptome.sort	0.3628187215287923	1.9751313014256244	0.09490290478732699	0.6307345382702576	1.4857264580871357	2.4645361447641134
7-7-R.toTranscriptome.sort	0.1473919906881719	0.16240024630438352	0.008810007713493079	0.2859739736628507	-0.0069000241629786074	0.3317005167717456
7-7-R.toTranscriptome.sort	0.24350466991850325	0.42111403263349945	-0.018890316151659398	0.5058996559886659	0.15074490812891372	0.6914831571380852
7-7-R.toTranscriptome.sort	0.66776872310317	2.634843935363661	-0.22668106654064868	1.5622185127469888	1.95387950809625	3.3158083626310715
7-7-R.toTranscriptome.sort	0.2880145224809013	0.6545113104393444	0.08499165373762829	0.49103739122417434	-0.08653267027590972	1.3955552911545985
7-7-R.toTranscriptome.sort	0.935658741932368	0.4291900956059365	0.13282943867816488	1.7384880451865712	0.09865471622971922	0.7597254749821538
7-7-R.toTranscriptome.sort	0.5797585160284016	2.4693454400984134	-0.2901869870079864	1.4497040190647894	1.8240241138457078	3.114666766351119
7-7-R.toTranscriptome.sort	0.30921158818091626	0.2647509403135256	0.07843889532246417	0.5399842810393684	0.08542137016717977	0.4440805104598714
7-7-R.toTranscriptome.sort	0.1526319333185851	1.203386487136804	0.005229567038943922	0.30003429959822625	0.6947055663671976	1.7120674079064107
7-7-R.toTranscriptome.sort	0.37880630537087123	1.8259419337307814	0.14477004572072233	0.6128425650210201	1.3778244645898337	2.274059402871729
7-7-R.toTranscriptome.sort	0.3411172530741275	0.14753393845006763	-0.12275464789786206	0.804989154046117	-0.012091712546448419	0.30715958944658367
7-7-R.toTranscriptome.sort	0.37749041941413	0.777967780535237	0.04497540107985293	0.7100054377484071	0.32416534033500116	1.2317702207354728
7-7-R.toTranscriptome.sort	0.7529547941558987	2.356423897499881	0.09048589406789431	1.4154236942439031	1.6400878807713732	3.0727599142283886
7-7-R.toTranscriptome.sort	0.1967252228133909	0.5615993431824063	0.050644970599533656	0.3428054750272481	0.02569973511618906	1.0974989512486237
7-7-R.toTranscriptome.sort	0.5809244464284239	0.296648568595414	0.12361207915333766	1.03823681370351	0.11969508448340699	0.473602052707421
7-7-R.toTranscriptome.sort	0.2789337687097316	2.631252053179791	-0.029589653847916286	0.5874571912673794	1.8543111570824915	3.408192949277091
7-7-R.toTranscriptome.sort	0.1902387523166989	0.30399099287069126	0.013376755043548405	0.3671007495898494	-0.058117602989661454	0.6660995887310439
7-7-R.toTranscriptome.sort	0.42386170769675047	0.3387898823412237	0.14092680009295394	0.7067966153005469	0.08027168173975258	0.5973080829426949
7-7-R.toTranscriptome.sort	0.12670973268727007	2.5332865119853514	-0.017168688012816347	0.2705881533873565	1.7616891144056526	3.30488390956505
7-7-R.toTranscriptome.sort	0.3358947397355472	0.21170189085829794	-0.032993438060779645	0.704782917531874	0.007903500114448514	0.41550028160214736
7-7-R.toTranscriptome.sort	0.9501355169261242	0.5122846068620436	-0.1603987845742899	2.0606698184265384	0.20169720026462767	0.8228720134594595
7-7-R.toTranscriptome.sort	0.2617745379803222	2.6267628309746334	0.0672498538983271	0.45629922206231727	1.893262142834898	3.360263519114369
7-7-R.toTranscriptome.sort	0.7616547908798157	0.27590005771053194	-0.08733731568896963	1.610646897448601	-0.13612432422463716	0.687924439645701
7-7-R.toTranscriptome.sort	0.31278282292460835	0.2812900567891395	0.01048153800223911	0.6150841078469775	0.14521850751057253	0.41736160606770645
7-7-R.toTranscriptome.sort	0.2565020029449567	2.9630749032278763	-0.026527804020666956	0.5395318099105804	2.187856062925699	3.7382937435300536
7-7-R.toTranscriptome.sort	0.3959764660449163	0.26352396916578574	0.06314695451813862	0.728805977571694	0.10986738431831847	0.41718055401325305
7-7-R.toTranscriptome.sort	0.22558321797638967	0.8039217741673539	-0.15189236748637322	0.6030588034391525	0.5318674537409911	1.0759760945937167
7-7-R.toTranscriptome.sort	0.052074067400214766	2.341552674353693	0.006495949685469522	0.09765218511496002	1.6013627565003574	3.0817425922070285
7-7-R.toTranscriptome.sort	0.3117090178644978	0.27461925160676315	0.02941712617547021	0.5940009095535254	0.04079509267160522	0.5084434105419211
7-7-R.toTranscriptome.sort	0.2659762907715491	0.33058150415780624	-0.013019202632870042	0.5449717841759683	0.10719151558273651	0.5539714927328759
7-7-R.toTranscriptome.sort	0.44877377737107077	3.555391126488763	-0.07252470632861158	0.9700722610707531	2.6665751447691974	4.444207108208329
7-7-R.toTranscriptome.sort	0.2973099458478603	0.26575926994845417	0.08325939858949596	0.5113604931062247	0.05811799116712563	0.4734005487297827
7-7-R.toTranscriptome.sort	0.10680847494951956	0.42834794778170554	0.020537815600638595	0.1930791342984005	0.18594050693979622	0.6707553886236148
7-7-R.toTranscriptome.sort	0.1290963137445172	3.019256563118515	-0.056892562993402035	0.31508519048243644	2.25724340462151	3.7812697216155198
7-7-R.toTranscriptome.sort	0.44065522600876966	0.3223983842415034	-0.18978814121897586	1.0710985932365151	-0.04762643304525882	0.6924232015282656
7-7-R.toTranscriptome.sort	0.2544838753859145	0.4445528689266998	0.06985523862599241	0.4391125121458366	0.14549097763231672	0.743614760221083
7-7-R.toTranscriptome.sort	0.831251363277671	1.6738818470253427	0.22184717281845834	1.4406555537368837	1.222314961022693	2.125448733027992
7-7-R.toTranscriptome.sort	0.13752235464819282	0.1758918175792655	0.026785938396983497	0.24825877089940213	-0.05375438149876588	0.4055380166572969
7-7-R.toTranscriptome.sort	0.19666112155933815	0.5662222554567753	-0.05874446937732439	0.4520667124960007	0.2351128530599328	0.8973316578536178
7-7-R.toTranscriptome.sort	0.34176214580668346	1.9512738218014505	0.10944891642094634	0.5740753751924206	1.4293634048491604	2.4731842387537406
7-7-R.toTranscriptome.sort	0.26203309889359816	0.27893801521253503	-0.012382038825302366	0.5364482366124987	-0.014484892384520998	0.572360922809591
7-7-R.toTranscriptome.sort	0.29050406190046996	0.5775905316376152	0.032537314871869005	0.5484708089290709	0.24756607968002475	0.9076149835952056
7-7-R.toTranscriptome.sort	0.4894942000844103	2.249388432717631	-0.0016655604303081883	0.9806539605991288	1.665317377758266	2.8334594876769956
7-7-R.toTranscriptome.sort	0.9021839331188992	0.10339362224996246	0.17021298067832258	1.6341548855594759	0.030210673643753183	0.17657657085617173
7-7-R.toTranscriptome.sort	0.9242860096244846	0.6188290371339679	-0.11515472567142992	1.963726744920399	0.13527829379684247	1.1023797804710933
7-7-R.toTranscriptome.sort	0.6060385813195507	2.5465238627762736	-0.20068241467061276	1.4127595773097141	1.3283029498183976	3.7647447757341497
7-7-R.toTranscriptome.sort	0.09928809553426463	0.09252559483727216	0.016996610376098856	0.1815795806924304	0.03447471788505603	0.1505764717894883
7-7-R.toTranscriptome.sort	0.34191375841844435	0.23277132134999826	-0.12854457992554763	0.8123720967624364	0.07663886514843712	0.38890377755155936
7-7-R.toTranscriptome.sort	0.1282296818534634	3.1689874553219592	-0.07973703043683589	0.3361963941437627	2.263579789508915	4.074395121135003
7-7-R.toTranscriptome.sort	0.17065445647788155	0.2886265029662676	0.058705206251271874	0.2826037067044912	0.04704874296367892	0.5302042629688563
7-7-R.toTranscriptome.sort	0.5072210188366008	0.12150438567884901	0.048423795195841224	0.9660182424773602	0.049038635297548885	0.19397013606014912
7-7-R.toTranscriptome.sort	0.1990237567738595	2.489617108754738	-0.013450033314995807	0.4114975468627148	1.8889813018067942	3.090252915702682
7-7-R.toTranscriptome.sort	0.09830451662826635	0.23861206991503753	0.01293124857152847	0.18367778468500423	0.07898126592606783	0.39824287390400726
7-7-R.toTranscriptome.sort	0.22080258005020947	0.6655471968962507	-0.08972067226801284	0.5313258323684318	0.24650148827861607	1.0845929055138854
7-7-R.toTranscriptome.sort	0.7527464406715775	2.0939271792694347	0.07984789345245724	1.4256449878906978	1.4215519069990292	2.7663024515398402
7-7-R.toTranscriptome.sort	0.1871589525962724	0.23732069919539495	0.06672173535761731	0.3075961698349275	0.05056190657617299	0.4240794918146169
7-7-R.toTranscriptome.sort	0.19078665745275164	0.23922025556156024	0.0006422455578749542	0.3809310693476283	0.0781939086840851	0.40024660243903537
7-7-R.toTranscriptome.sort	0.4167366418217099	2.6931829804112586	0.07807004434240167	0.7554032393010182	1.8704706592482023	3.515895301574315
7-7-R.toTranscriptome.sort	0.1932514735221939	0.20484010533120978	0.03498259562212708	0.35152035142226074	0.10141801558421437	0.3082621950782052
7-7-R.toTranscriptome.sort	0.4695925747579014	0.2017166902234941	-0.08433011450899996	1.0235152640248026	0.0462860808205931	0.3571472996263951
7-7-R.toTranscriptome.sort	0.2125481335086915	1.5522184455382944	-0.15640614244001833	0.5815024094574013	0.8717778865406154	2.2326590045359733
7-7-R.toTranscriptome.sort	0.3169215769419607	0.6275549126440052	-0.18749655337569376	0.8213397072596151	0.06688496004722266	1.1882248652407879
7-7-R.toTranscriptome.sort	2.6679699354328448	0.029270517490337426	1.802024610030918	3.5339152608347715	-0.013636522133126265	0.07217755711380111
7-7-R.toTranscriptome.sort	22.184255732393652	0.005872716965285449	18.45236840405124	25.916143060736065	-0.005026192874092492	0.01677162680466339
7-7-R.toTranscriptome.sort	1.5791399931432935	0.051553060184011	0.9194292059473775	2.2388507803392095	-0.015228531219967006	0.118334651587989
7-7-R.toTranscriptome.sort	1.4418348686126878	0.030361471233757018	0.9744363976152961	1.9092333396100796	-0.01574802937132822	0.07647097183884226
7-7-R.toTranscriptome.sort	7.338685049970893	0.042539319129512296	5.463359271556834	9.214010828384952	-0.026399276933033747	0.11147791519205834
7-7-R.toTranscriptome.sort	0.6755057889507008	0.0020155925565456486	0.2261221235815737	1.124889454319828	-0.0007302083445717882	0.004761393457663085
7-7-R.toTranscriptome.sort	0.5806213126422052	0.020136914476900372	0.22130561417184158	0.9399370111125688	-0.011292302727500723	0.05156613168130147
7-7-R.toTranscriptome.sort	3.559101836600858	0.0050696402370952395	2.533997083049144	4.584206590152572	-0.001559426318935844	0.011698706793126323
7-7-R.toTranscriptome.sort	0.4169990966060562	0.0017659259508940135	0.10126807861508236	0.7327301145970301	-9.404226919764694e-05	0.0036258941709856737
7-7-R.toTranscriptome.sort	0.34128799649152824	0.0001687247571945291	0.08203052288831991	0.6005454700947366	-0.00016201824310610027	0.0004994677574951585
7-7-R.toTranscriptome.sort	3.844585605389896	0.000874840820227089	2.9574463375525797	4.731724873227212	-0.000506964474570964	0.002256646115025142
7-7-R.toTranscriptome.sort	0.3043549739621033	0.03802526023111099	0.1560896273937086	0.45262032053049805	-0.006071309525761313	0.08212182998798329
7-7-R.toTranscriptome.sort	0.6814630682521724	0.0013618029694947474	0.05313425466528543	1.3097918818390593	-0.000983848267752918	0.003707454206742413
7-7-R.toTranscriptome.sort	3.3390743627560124	0.020594261423007704	2.3803017922446768	4.297846933267349	-0.005822115667859062	0.04701063851387447
7-7-R.toTranscriptome.sort	0.3242722338864142	0.0013237732492443544	0.06693955481533115	0.5816049129574972	-0.0009515909415910441	0.0035991374400797527
7-7-R.toTranscriptome.sort	0.20315401736516528	0.07116614804996138	0.08125768592373556	0.325050348806595	-0.051086128778869755	0.19341842487879252
7-7-R.toTranscriptome.sort	1.722202810851869	0.0035742281087649806	1.1999190181440722	2.2444866035596656	-0.0011224609031019353	0.008270917120631896
7-7-R.toTranscriptome.sort	0.41169362248720587	0.0017980805777285094	0.12104005493241049	0.7023471900420013	-0.001000809355556564	0.004596970511013583
7-7-R.toTranscriptome.sort	0.323997415338978	0.009001787529142453	0.11626208629375945	0.5317327443841966	-0.000765644868474722	0.018769219926759628
7-7-R.toTranscriptome.sort	1.0525704415448636	6.742391528118485e-05	0.6396381935804316	1.4655026895092955	-6.12564865883703e-05	0.00019610431715074
7-7-R.toTranscriptome.sort	0.18644857254046102	0.0055260100070006	-0.01360736523396433	0.38650451031488636	-0.0010850992544381701	0.01213711926843937
7-7-R.toTranscriptome.sort	0.1850250365534608	7.393697240339228e-05	0.07537472869630363	0.294675344410618	-7.09981354546389e-05	0.00021887208026142348
7-7-R.toTranscriptome.sort	1.9430302534278594	0.07634341741852727	1.1716367541984032	2.7144237526573156	-0.04619778062647113	0.19888461546352565
7-7-R.toTranscriptome.sort	0.17705031764407161	5.1629236669963605e-05	0.06548772322223093	0.28861291206591233	-4.957708825012894e-05	0.00015283556159005615
7-7-R.toTranscriptome.sort	0.14319660754024138	0.00011901537445098302	-0.014241054364248995	0.30063426944473176	-4.6648847904703946e-05	0.00028467959680667
7-7-R.toTranscriptome.sort	1.18347709722587	0.008740834626721284	0.6612952079505777	1.7056589865011622	-0.00030116527492710793	0.017782834528369675
7-7-R.toTranscriptome.sort	0.2397478790159182	0.011202480039870762	0.024361968965364245	0.45513378906647217	-0.009711003486452019	0.03211596356619354
7-7-R.toTranscriptome.sort	0.33596513536267997	0.16434019122692758	-0.05880572553097907	0.730735996256339	-0.12813594192666392	0.4568163243805191
7-7-R.toTranscriptome.sort	1.1315061122323533	0.00387328090684574	0.5606819837878672	1.7023302406768395	-0.000784183664775014	0.008530745478466495
7-7-R.toTranscriptome.sort	0.1467695388369594	0.00021814246060650538	0.040909011511571655	0.2526300661623471	-0.0002094718701574893	0.0006457567913705001
7-7-R.toTranscriptome.sort	0.2976878779068304	0.01635276768877236	0.049438895605934924	0.5459368602077258	-0.005028538562247636	0.037734073939792355
7-7-R.toTranscriptome.sort	1.3068461480244447	0.035085400269994245	0.8003241196398347	1.8133681764090546	-0.024673291034949058	0.09484409157493755
7-7-R.toTranscriptome.sort	0.3197158597871802	0.015305196657587975	-0.04046839453856488	0.6799001141129253	-0.010754423734359324	0.04136481704953528
7-7-R.toTranscriptome.sort	0.16048148189485828	0.003162365781029	0.06716322008231616	0.2537997437074004	-0.001335070833995863	0.007659802396053864
7-7-R.toTranscriptome.sort	1.635397671962341	0.07827008558921142	1.0191093464741854	2.2516859974504966	-0.07515552100720024	0.23169569218562308
7-7-R.toTranscriptome.sort	0.3437032881972973	0.0462129568566383	0.12764536474126897	0.5597612116533256	-0.02904357044746013	0.12146948416073673
7-7-R.toTranscriptome.sort	0.2502050154064938	0.0003553599354016364	0.07905279481573407	0.42135723599725355	-0.00017019869087842547	0.0008809185616816982
7-7-R.toTranscriptome.sort	1.0160024703269432	0.014518728403764683	0.6724193750438643	1.3595855656100222	-0.005137816244890011	0.03417527305241938
7-7-R.toTranscriptome.sort	0.22606516125325096	0.01488604987737181	0.0014057764991611543	0.4507245460073408	-0.005061013400807333	0.03483311315555095
7-7-R.toTranscriptome.sort	0.20718480594477073	0.001499164159649648	-0.05820480149447155	0.472574413384013	-0.0009872327515005317	0.003985561070799828
7-7-R.toTranscriptome.sort	1.5963035365265017	0.002963536643486779	0.8869590576094842	2.305648015443519	-0.0025653012273896994	0.008492374514363257
7-7-R.toTranscriptome.sort	0.38407923109217496	0.09951256353373908	0.04201791532746546	0.7261405468568845	-0.07857525630492665	0.2776003833724048
7-7-R.toTranscriptome.sort	0.1926669162736734	0.006433254439360366	0.07133687124825912	0.3139969612990877	-0.0015567758826402515	0.014423284761360983
7-7-R.toTranscriptome.sort	1.520797833764832	0.0004120239966969885	0.9153117054761457	2.1262839620535186	-0.0001736011076348301	0.000997649101028807
7-7-R.toTranscriptome.sort	0.3458778585826395	0.01168346517338086	0.07030443416273813	0.6214512830025408	-0.008005450387647947	0.03137238073440967
7-7-R.toTranscriptome.sort	0.10515012278562452	0.007257609971791659	0.03659419983968505	0.173706045731564	-0.003729482838520013	0.01824470278210333
7-7-R.toTranscriptome.sort	1.2423213006861147	0.004393318773596935	0.7820519360939605	1.7025906652782687	-0.0006443373292275099	0.00943097487642138
7-7-R.toTranscriptome.sort	0.3267036769902422	0.0016280412952502082	0.09564505613412222	0.5577622978463622	-0.0007138650594764634	0.003969947649976879
7-7-R.toTranscriptome.sort	0.6197842277461487	0.0076857090737499426	0.288056299209609	0.9515121562826885	-0.005033960975067489	0.020405379122567374
7-7-R.toTranscriptome.sort	2.5309439141673185	0.00045831560479274664	1.536321159011318	3.525566669323319	-0.0004400992953271913	0.0013567305049126846
7-7-R.toTranscriptome.sort	0.7082620205827533	0.010854181896028684	0.07090892175335495	1.3456151194121517	-0.007497312788734558	0.02920567658079193
7-7-R.toTranscriptome.sort	0.30560896513025343	0.02186040553073627	0.07518601128076036	0.5360319189797464	-0.011001190465808722	0.05472200152728127
7-7-R.toTranscriptome.sort	1.38139121612502	0.005271247690272751	0.8980108353768401	1.8647715968731997	-0.002918327798105652	0.013460823178651153
7-7-R.toTranscriptome.sort	0.3771990901743041	0.030252977484224116	0.017001202583624475	0.7373969777649837	-0.004580259654716864	0.06508621462316509
7-7-R.toTranscriptome.sort	0.13706586687617373	0.01543579752197401	0.052969190015323825	0.22116254373702363	0.00030928802444821386	0.03056230701949981
7-7-R.toTranscriptome.sort	1.2263574559915942	0.0025766954007907356	0.7628309139559991	1.6898839980271894	-0.0021136046951931377	0.007266995496774609
7-7-R.toTranscriptome.sort	0.309754657926491	0.005611910541034556	0.06276021679912935	0.5567490990538526	-0.0011654138655190025	0.012389234947588115
7-7-R.toTranscriptome.sort	0.2240967410283553	0.0037996394508081352	0.06662521167693822	0.38156827037977237	-0.0020531016496848275	0.009652380551301097
7-7-R.toTranscriptome.sort	1.2340269194109903	0.018295926306672056	0.8306409375293816	1.637412901292599	-0.015280129776186247	0.05187198238953036
7-7-R.toTranscriptome.sort	0.3017783983990752	0.01761553629193472	0.037050246972062884	0.5665065498260875	-0.014375444752763061	0.0496065173366325
7-7-R.toTranscriptome.sort	0.4355113544752027	0.0008187662505429931	-0.16045089795316747	1.0314736069035728	-0.0007789899752469443	0.0024165224763329305
7-7-R.toTranscriptome.sort	1.4043984179764422	0.0	0.9986644883150375	1.8101323476378468	0.0	0.0
7-7-R.toTranscriptome.sort	0.3397218142459418	0.011092192685770651	0.04425540801812189	0.6351882204737617	-0.0049706007888379086	0.02715498616037921
7-7-R.toTranscriptome.sort	0.31869930716793815	0.012352964965258818	0.1123637811143488	0.5250348332215276	-0.008092535065323252	0.03279846499584089
7-7-R.toTranscriptome.sort	1.3860865874282098	0.013233334010979843	0.8363330612436626	1.935840113612757	-0.0022878264092919386	0.028754494431251623
7-7-R.toTranscriptome.sort	0.26693694338977564	0.12174448137661516	0.0944899376280996	0.4393839491514517	-0.09064411711617563	0.33413307986940594
7-7-R.toTranscriptome.sort	0.5910656447523548	0.07569897268700787	0.17530008260964625	1.0068312068950633	-0.05925881883092168	0.21065676420493742
7-7-R.toTranscriptome.sort	1.0467470474558154	0.0009012092252128751	0.7011513806881058	1.392342714223525	-0.0006218451956605021	0.0024242636460862525
7-7-R.toTranscriptome.sort	0.3087712082790245	0.01249988115339383	0.0764732312526391	0.5410691853054099	-0.004306305567499221	0.02930606787428688
7-7-R.toTranscriptome.sort	0.08310242630037125	0.012354153725848306	0.025778949968180698	0.1404259026325618	-0.0010213668707217127	0.025729674322418326
7-7-R.toTranscriptome.sort	1.5194419070223089	0.004490712803888502	0.8121792176284557	2.226704596416162	-0.00017436531936694012	0.009155790927143944
7-7-R.toTranscriptome.sort	0.30920170555693893	0.0005811785211069128	-0.004407680897149935	0.6228110920110278	-0.00021058516830050017	0.0013729422105143258
7-7-R.toTranscriptome.sort	0.2111043568273018	0.00031555658769870403	0.11303791716075395	0.30917079649384965	-0.00023392704487224355	0.0008650402202696516
7-7-R.toTranscriptome.sort	2.7843114949342467	0.0003228877989056216	1.7574440493659056	3.8111789405025878	-0.00018047357245483717	0.0008262491702660804
7-7-R.toTranscriptome.sort	0.12573228405176576	0.004765304989866234	0.023371829535530922	0.2280927385680006	-0.0039350857498746845	0.013465695729607152
7-7-R.toTranscriptome.sort	0.22904297943813917	0.0003095804772452814	0.07047163835379758	0.3876143205224808	-0.0001637057698323798	0.0007828667243229426
7-7-R.toTranscriptome.sort	2.09042098450072	0.057567134169398494	1.3676394126081166	2.8132025563933234	-0.04926242798152782	0.1643966963203248
7-7-R.toTranscriptome.sort	0.3108393464526787	0.006649991485889767	0.04780466930509303	0.5738740236002644	-0.0031659237875974085	0.016465906759376942
7-7-R.toTranscriptome.sort	0.6211622037321678	0.0017074981126094415	0.14980626621854093	1.0925181412457947	-0.0006071139094050652	0.004022110134623948
7-7-R.toTranscriptome.sort	1.3115324429146915	0.013663041768426436	0.9222178569291046	1.7008470289002784	-0.0033197881269220342	0.030645871663774908
7-7-R.toTranscriptome.sort	0.42760011963508054	0.003213520342941792	-0.08255052562936699	0.937750764899528	-0.0030858095217906243	0.009512850207674207
7-7-R.toTranscriptome.sort	0.390631915044772	0.00688292927317442	0.1567269958117761	0.624536834277768	-0.0035406851921093614	0.0173065437384582
7-7-R.toTranscriptome.sort	1.701483326920482	0.024315658581609573	0.9514676433968441	2.4514990104441203	-0.008205848592405935	0.056837165755625085
7-7-R.toTranscriptome.sort	0.4468085099032644	0.004209972490711355	0.07287265310173913	0.8207443667047896	-0.003765785429502267	0.012185730410924977
7-7-R.toTranscriptome.sort	0.20440409003437968	0.01039145275028123	0.08774448428474876	0.3210636957840106	-0.008783110170109453	0.029566015670671915
7-7-R.toTranscriptome.sort	1.7785341224900695	0.0061636512370306755	1.1545754015197898	2.402492843460349	-0.00590400830144523	0.018231310775506583
7-7-R.toTranscriptome.sort	0.6007670751107957	0.11796744982471273	0.10744944735041562	1.094084702871176	-0.11315877824816305	0.3490936778975885
7-7-R.toTranscriptome.sort	0.4317495686355181	0.0	0.1667805319334641	0.6967186053375721	0.0	0.0
7-7-R.toTranscriptome.sort	1.7992758201078758	0.014471193521590589	1.1299596327726071	2.4685920074431444	-0.008786101579205946	0.037728488622387125
7-7-R.toTranscriptome.sort	0.3971083179964619	0.00018621661120063915	-0.09014240453661748	0.8843590405295413	-9.448592776959677e-05	0.0004669191501708751
7-7-R.toTranscriptome.sort	0.3501042769655989	0.012782564539284157	0.058165900804719395	0.6420426531264785	0.0006845076910961621	0.02488062138747215
7-7-R.toTranscriptome.sort	1.4517765882569358	0.002157973381941432	0.927755081378842	1.9757980951350296	-0.0004935257785992119	0.004809472542482076
7-7-R.toTranscriptome.sort	0.36235962994213283	0.0004237748241964089	0.16830083219079875	0.5564184276934669	-0.0003080848628690019	0.0011556345112618198
7-7-R.toTranscriptome.sort	0.6025640773736671	0.011076433299484312	0.20213616631156334	1.002991988435771	-0.008311362561474831	0.030464229160443456
7-7-R.toTranscriptome.sort	1.869890453194043	0.03859711967579914	1.1932892336189052	2.546491672769181	-0.011622086511145956	0.08881632586274424
7-7-R.toTranscriptome.sort	0.47329103517556814	0.048071217837299667	0.11017415374026618	0.8364079166108701	-0.041424580554824515	0.13756701622942386
7-7-R.toTranscriptome.sort	0.36615772553846515	0.013115230737197635	0.09097729734867505	0.6413381537282552	-0.010753558058851538	0.03698401953324681
7-7-R.toTranscriptome.sort	1.9163953926791175	0.02437910652487655	1.2589441110184125	2.5738466743398227	-0.009343842208191108	0.05810205525794421
7-7-R.toTranscriptome.sort	0.24276698226856047	0.0014321761311424646	0.10376844745494954	0.38176551708217143	-0.0011291887365136846	0.0039935409987986135
7-7-R.toTranscriptome.sort	0.5170944636550017	0.0056522275755184715	0.20134127795310075	0.8328476493569026	-0.0017477262244639151	0.013052181375500859
7-7-R.toTranscriptome.sort	1.732998279858677	0.0016090297570854166	1.2097384560026168	2.256258103714737	-0.0012961541407399205	0.004514213654910754
7-7-R.toTranscriptome.sort	0.22469168481491747	0.0005542519291490897	0.07642009757154389	0.37296327205829105	-0.00017949880287996666	0.001288002661178146
